55,1950.565597419704
6136,7784.63023323408
2971,6231.346816130587
5617,4872.784356532737
8655,5245.9299577035645
9280,9909.870623827635
6245,3478.5266568343613
3491,5694.327113107709
9807,7852.191981167953
2741,1214.3990009854786
2454,2867.9763203572816
1071,7314.8913732944375
5049,1522.1087156190001
1412,4213.732341417121
3079,2682.5098945995146
300,9573.597442484019
2669,9255.211046037404
8941,5956.731632687045
8807,491.49178561335236
3589,6839.456791640522
3108,6067.761387216655
6461,1129.6681580505374
6357,9231.391033631484
9578,7106.914730649971
7064,1177.8414628003482
977,8088.413579704713
9533,9118.559881475287
9009,3728.575014202248
4569,6047.193516297836
6347,2863.308678228626
3291,1041.7290741768518
7080,6063.5428869579955
2866,5182.184760985487
1143,8652.024881031553
8157,9613.472388677224
9226,7842.566407149814
2969,9100.016253820464
2534,873.4709791376599
4619,6547.627881044807
4505,4527.913970838627
8353,1393.0481607266424
6501,284.55923962447883
2790,7501.429616548411
5329,3462.666162512294
5163,4282.860139933818
2210,9233.3856224924
8194,8079.843702389134
8541,3100.862014699671
4509,9603.420673188712
1498,8566.133466889549
4076,7141.349947200187
9740,101.67698280529083
7678,4604.486678961396
1746,5227.762581809693
3125,8080.173471386951
6344,5578.571153372386
2314,4498.099415138282
1971,3108.2852838602403
8104,1248.7064749411038
5443,4299.087748418593
8221,6170.80582765264
8909,2163.1976495781905
1285,3176.6168134704094
2340,3109.7385815931643
5421,9960.96919209149
8664,3349.363129488125
536,765.8933483626417
9085,7391.156454301673
8098,8925.293958323555
4396,9416.418504842268
7907,1105.817793478155
8622,6824.4525630157905
2790,7502.435573534187
2562,4094.5032826495535
8905,90.6166747089672
4459,4254.457788438797
4478,3994.314755331992
4264,4707.871260682054
3679,5490.2821563202915
38,3947.285416255907
3918,3772.508852771977
4341,5771.699438254873
3200,2649.8140839403036
560,8026.395873602244
1973,2629.841778415513
2502,3592.1444371570037
2807,3466.874158566398
5884,2378.1002114956555
9020,2185.040604872283
1682,4418.460640050621
9449,1829.6019840112924
5961,5808.181799891843
6666,1760.0847043474575
1601,1187.7366920732247
3907,1162.088297560193
554,8756.07438107777
1636,3640.6133641869587
859,6392.558687590046
536,2252.748942898871
7462,335.77602255919015
1800,1136.5169374621823
3002,1124.6604872472353
434,2024.600333463833
6355,5000.436146679584
9326,1351.5814099998197
4240,2813.3665818373993
1348,6411.177655825398
1184,2632.295550618201
4511,7083.805259534688
5162,6722.389065603335
4670,3007.5949967894007
8881,8319.416966496214
7764,4765.764969748131
8910,8723.285848953694
4238,1649.9933372247353
2747,639.3860007403363
9932,7854.143083480068
7006,9394.639661760837
62,3601.370306919219
5261,9707.918884957613
8606,7597.296722342721
4731,1985.7643067294111
5997,2497.5402509134315
2566,8817.058441936151
3171,5577.48410744353
5520,9277.500023454922
1032,2718.719917083755
7419,5912.394922520597
3033,4954.119633108084
8467,6895.403454182223
7014,3355.9848140015743
2177,3731.490956524819
1368,9817.181062677359
1006,3087.3928054111516
9760,8430.593709292172
5500,9874.447645922362
5218,4567.638280794792
1477,7531.655558818099
3228,6535.926690012042
4419,605.2952898834051
2826,7729.524116824877
6029,4202.379549135845
7458,5557.533584782967
7254,4656.63928854187
1008,7127.021516211917
4203,5824.611112040994
8488,647.5367537328341
7560,5856.748812470943
6213,5817.683030020966
7606,9975.306111081181
392,6104.388249410804
7892,5834.0187102523305
7180,713.6587619284511
70,9354.375088245652
1928,4336.7224492909645
9737,612.4900806651632
3285,8293.551201350245
7195,1270.2866337491798
1985,7555.805131510678
5726,7373.8621423322165
4197,4332.267345601323
4723,3878.5344660392466
2827,383.8212119331198
4045,189.17985887072976
9280,7039.992574141542
8036,9219.027922193422
7967,4017.999357741035
2324,5984.129579893689
2886,5554.152878385575
7325,5578.214255152735
6822,5140.319942057484
1341,4562.62782639409
5256,8170.990431620016
6003,4221.492363459669
7283,5211.299563410797
7238,8940.135555356388
9870,7251.1217099481055
178,8041.224040497485
9609,8330.102691949036
1743,4807.88265963587
9867,199.19860440545204
4055,2151.403784368307
7869,8318.972101755746
5876,391.9349634518013
3908,8437.546130570148
3996,8963.794670875419
8311,8192.726490719962
1503,514.7880970433057
1501,8796.394866361628
7670,2805.089617285001
2070,7683.822087698803
1989,1138.9231182762837
7973,4212.081202863194
1019,1582.4042728607674
5664,6982.221955029201
716,3181.5034223572065
4855,3170.33674229184
7319,5569.164812259513
3562,7356.071350592575
5398,6893.151755854924
7840,9798.534787563773
7492,5828.193515355074
6048,1817.9238259676285
9513,588.487844664986
4020,9022.520248969067
3034,7316.555633073776
1194,1496.0147114128868
4217,11.859119757345
7543,3696.3890499449694
9121,4217.47258326116
9009,5883.827930686195
285,7140.452276682459
9733,3129.340899015577
8674,7528.362666714057
7050,7622.952870941167
4079,9701.714651253951
9177,4919.475309303515
6,7455.816060859967
6153,4985.975239252195
5144,5195.772923887747
878,4505.154807179679
8817,5643.063716752373
176,7724.902430424138
4833,5716.279550484652
7757,9350.300220066894
2017,4780.248630326085
4516,4452.363240228755
2283,2360.8722718839385
459,7182.746380366506
715,5631.557102125674
9839,2208.5843111828785
1527,509.1808991910474
3061,188.52469998919426
3984,4019.020616903392
2863,1391.8850074692987
6932,9769.06262959743
3166,9585.694322105433
3098,2800.544243837452
6219,1707.1884127189355
6783,4878.501803457802
1915,7496.095381940642
9615,6384.473008248999
8894,7299.795585635231
5136,6337.356623714887
5713,5506.1421348175845
5009,7818.752210066969
8549,1741.4162227796671
4231,2085.8858430010373
4998,1860.5289617826102
6743,990.4924694340004
4887,6021.205768935176
8272,3989.7412919328412
3121,1681.4705124409954
3820,2976.496145187765
6826,5227.3005599009075
363,5443.855901502083
4971,7137.846536892216
5624,4092.056279102674
1455,2057.1024536038735
3545,8867.416594501854
9999,6975.371846908533
2748,5661.082253180618
7870,7839.302820918732
478,4390.84864445866
2230,7317.663820706609
2048,8060.367112291769
9621,4228.397724573042
7065,3513.500951507642
8718,8161.827518963725
1513,4071.548727998558
7105,1223.187211961816
6595,4033.4633780814233
2548,2474.9304539365858
4806,5077.078042401664
2979,9691.504068891754
9617,5026.6991124928245
9349,7304.486855839188
5463,149.24932428027128
1142,9057.172633409626
5534,3171.426555707915
1080,8828.823850829503
9564,556.105750863798
2764,3303.9372803618076
9685,4203.435561848534
6058,5742.9493202631365
7461,4739.773385048453
9880,976.8622933147566
7510,5795.769026298071
2240,7908.294079058747
7341,1294.536190910639
6580,7336.446831893007
6384,646.9544284545306
4192,9678.448068335045
5337,9983.709254740112
8914,9331.44978281739
6534,1066.7210164010983
6769,9807.762082688816
528,3350.1178630550708
4523,6549.173939073439
8830,8855.881951154983
6021,2364.436887726103
6833,3929.7442982185175
9546,3815.702731027221
6518,6761.819556210474
6637,5555.4693857571065
6370,4642.846054705209
6548,3606.3363464761096
2002,295.7545545024777
4910,7889.578504748837
2728,2372.607858126999
3986,8929.224560861305
5026,1211.732596113337
5985,3574.980244951029
6400,7284.136032459051
6734,9848.940656183853
4540,6431.013354252188
7824,1577.6353777712418
6875,2925.3509672210557
5751,9308.493079365815
491,8697.295716324721
8399,5254.337219859076
8148,4634.088241511512
8853,6422.021826040744
2786,7754.960399209771
5056,1970.7643924441763
3149,6311.468254058791
8227,7895.175083039794
2276,3341.266271999727
2305,4614.3677023501195
3114,8081.339775800499
1564,743.9108061086264
372,3778.182832796544
8803,9429.711361332473
3176,9886.358838620323
5832,1964.2216715572686
6997,6457.290876414091
5216,7076.642820549664
3605,8556.009345232496
8505,3335.028450869875
2773,9000.939535951951
7061,6329.409127365881
5970,8384.626739344707
5684,1999.2370435472824
333,2393.5873396884826
241,2337.59087786541
1660,7762.229556624148
6066,9997.70712264514
2618,9866.014795773024
2948,3851.4791966115026
7586,6892.7216110662475
488,8423.627106792042
8897,7837.842478525276
1358,6337.259888682128
6699,4141.770009782573
6043,4345.540954704705
4752,7679.534604487857
4920,387.13324994828656
6109,1051.419441358442
705,1182.0251464040257
8620,9611.825126472608
1590,7339.234500109122
3315,8561.250687235874
5604,5679.760229673758
6000,2514.249090185818
6972,6534.9793760367065
2095,9479.64253480035
5172,7165.493433506722
3500,5932.211737273268
6975,1103.205139327947
9803,4731.444073148438
3148,7228.137546562215
7139,3086.7801108258404
2267,1707.2284811839197
235,3435.1191576571637
9296,505.00442483842653
4595,6152.1297216849625
1851,161.68916304533295
7410,9343.167714883155
8811,9725.916762118051
4761,7614.332447057376
3505,7325.804824517257
1599,8684.38500342729
546,696.6965618892664
1109,3981.9138243755438
2343,2202.403636559521
254,6942.267152712218
1761,5353.272975821631
1180,646.3712012964065
856,1635.8583690170206
4379,4619.6214878661285
5513,3595.41025694812
9167,9180.577254355392
8564,2547.7923498824675
1464,4519.187951204467
5482,7019.797673150921
5475,867.76234862398
2573,1104.1785759168163
3634,5583.83571587966
4530,250.99952165975336
5865,2731.498835418986
2946,5736.20282451165
7858,833.637204781036
366,8007.511932553482
2283,4888.880536916786
9364,3433.011802923725
3327,9435.881300805906
5318,8594.920504564197
9541,483.8240161433541
4601,1208.2175572577237
8732,5460.835932908089
3714,6958.9070256400155
3613,2005.1792938166902
2730,7167.78029480272
4018,8335.815342687902
5771,2988.5992470674137
4004,282.08115491216654
9327,8087.637340675748
3190,2569.8612474512697
2623,3219.5123361011247
9859,4931.727141961928
6843,2909.204032797362
1880,6756.099685858906
22,6607.0750074238
1506,7564.512707473675
2985,4075.614648644356
3368,4419.57717471657
8774,7530.489926862076
4868,1522.2095479815905
3909,1123.324027418033
5861,1723.1392294993702
2937,1692.4217601730115
4479,4443.620497550617
5943,3431.4434194531
4805,9590.656590623326
338,3077.758809908158
1651,2454.8932038307194
5534,1558.9293640467235
9015,281.6603455982453
1760,2642.447349542567
9391,7254.427230954365
3953,9067.497861060774
1870,940.1924065504713
8446,1883.1418414368438
2768,9903.058078845928
474,9261.885095922504
1253,9188.430521793964
6248,6963.168434357397
2061,7590.951496764182
1415,3741.824524930982
2943,8276.398378347805
5348,1557.0461935950223
7334,2180.3919531383544
6629,2195.86344295341
6272,1834.8160256657861
6521,9066.565321865854
5356,1810.3982670271828
5246,5345.887573946584
5984,776.9011029777599
2939,7396.165408566074
7557,9353.851231740013
8976,5453.977178879425
7449,7383.680644908134
9091,1921.1115500956662
8110,4015.56452248722
2036,1305.9649349540132
4957,4111.119552368231
9363,4837.713092284764
8276,4851.4857300546
3890,7087.8151322881895
6946,7152.124683905937
4025,1551.5826141428197
1088,7518.958588873939
9839,7073.698241373324
9895,7310.2363908827565
5129,7257.680574449354
362,8025.729591064994
5297,525.3797269850813
4354,3203.5614602718997
5406,9396.640930957481
3343,9777.135791194447
1623,3730.2942564249415
1435,4350.258915955706
2276,4130.624867191142
963,2711.6543858846535
7848,8592.428275179851
9247,4174.636739725601
3311,7514.698756089161
4767,5804.747818585148
4490,9678.879043445175
6886,5464.668355420459
3935,4531.4814840214685
5083,6746.6905810164
9518,4145.714671063819
8719,3329.4856709344917
937,1636.5585309026153
8500,5062.8076621826485
5423,1453.5034678217228
5272,3188.1610229532785
4937,996.9071104460405
5844,7480.311337951801
4264,2290.6348372036105
8446,3835.831019732912
2775,7075.330287772711
2247,6827.668561548243
471,8612.302935985035
9215,8119.977830210158
4832,8730.646091879733
6388,8249.181550546997
6132,9214.774061292568
9685,6271.419946279987
4146,2491.125889763186
9418,9033.218524111458
1459,7752.307870032849
3212,9421.324912095808
8777,5170.429157176072
986,836.2729396569091
6655,2619.856297758182
4801,3356.301783602118
6229,6495.03196724821
7203,5590.790343134314
768,607.4067804467376
6717,5032.381863742069
6108,4892.893873503268
8910,8899.442448588668
4582,8745.596551700857
5931,6908.445104057898
6167,2119.8589440342625
8252,7183.284059763693
9842,1256.9629053793544
9310,6618.402878578995
4365,4883.037783825044
373,7388.975950829836
293,1012.9556746788605
1058,2033.1945952139529
7853,4128.167717447846
5635,542.0067115649533
1147,7437.580915089607
4673,4246.405647112067
5936,5147.694318705
7175,2925.5979405366593
6337,5248.295709880513
4663,3529.068117623462
8321,4184.074066887344
8879,1190.7260151107876
3395,953.5282259254816
7078,5780.950027861154
5423,9682.540049745365
1581,166.44444934317903
3999,6528.940629076759
346,9530.393274022175
9862,8867.330716340693
9538,4676.438802107207
1063,2183.308167415353
4227,6013.508203923376
5109,2793.12561132956
1792,9143.501200946794
8186,2615.6361289939027
1385,7371.284011430413
1102,5546.184741419855
9994,1270.3539855616318
1170,3699.882991012192
3989,513.9226747404709
4138,5759.437070018877
4050,8583.008269942324
5572,8991.414372476565
1807,6673.456585675846
269,1094.5153123018677
7626,9143.59162045851
5712,7982.0542448245415
3636,9207.455882486774
7630,8864.482452220082
1751,192.32640251148078
7193,508.3601730181885
514,4667.386601799231
2918,8465.74618519987
5550,1030.0948555132043
1699,4233.48971207277
4039,4687.927971655126
5581,3764.4070805433125
1474,8928.771331327935
4812,4620.778995150844
300,8734.304373903953
5529,6121.037337767031
2338,9348.259022410399
444,9296.907417538676
9414,241.44588526997347
4741,1211.6351114078743
9958,4252.910795294769
726,1239.2671431861236
1121,1180.530913898396
6899,5298.252396007394
7177,4821.773020133932
4395,7679.90902867785
8104,2610.2219352687825
3999,9133.539285351493
5094,7339.828212527123
9045,4168.186298759436
5283,1228.6540276426329
6371,144.2050561229366
5456,3554.178581764689
5187,5670.967344791204
6547,4478.981325563289
9408,6063.137623571009
4229,9285.848611177104
6261,9158.038011774712
4793,9247.043699017571
2199,5689.681446864269
2134,7596.6410913863765
7890,4565.064968819763
3554,1685.460192246032
3598,4912.316996196142
3284,5280.232554474291
3841,3553.24149717554
8215,8200.207581398403
9268,8684.740294843834
5658,3986.43798546594
104,7987.485875224943
7880,158.4942354405321
5447,2108.0855737519387
4943,9755.332621601896
6760,2538.814067057519
1036,7321.486075043927
3300,6276.791265303421
1389,7257.660045312243
6604,8321.259054472372
7431,7584.195335352685
8468,7072.350958380591
758,7519.715051851046
9003,6996.454123623468
8683,3020.587809883611
5466,7543.949168886945
5177,438.6290820357229
740,7232.755351594593
3930,4800.720100936189
1150,7059.72600627826
2207,5857.747520531779
5943,7957.524105539067
6358,2011.4641182336786
594,2883.1663438675305
8421,9512.52910857314
4863,5301.935338380354
2304,1911.1265517558957
6511,2339.8627138386546
2742,2614.150737191733
1986,2656.440316035973
6193,1671.024508897769
5394,6242.642841337105
6432,6371.753606219889
8073,5752.749932652642
7818,4131.821987481649
1795,6734.813646014878
8042,5250.013642647497
6296,7185.9604694647
1231,2621.1906842065
4078,5215.012848893061
2403,5229.466576220806
6167,7286.194435120673
2373,2365.0991395767487
8247,8511.918448453835
925,5879.776898224974
8216,760.87603364102
4951,8538.791558441606
8172,3972.808917287424
9486,7522.878940885011
4780,1014.5132273666851
38,3494.2641066037577
3123,6620.721328773249
7120,7279.677589865016
8,6569.60690954017
1167,8193.797266189102
3090,4061.7043625303227
6393,287.73977273621256
440,6493.058632390224
2340,5410.852720721632
7736,7285.411982647416
7278,4877.161181461113
7198,4244.197628856939
7385,4709.393427093475
551,8043.031831992157
4143,3004.5425751936077
55,1864.2998403004046
2791,1765.4366118462472
5960,5950.297340038872
1569,9712.757067009723
9477,8915.216335903691
6873,7052.395145524449
7180,990.079002983093
5937,7931.945348311298
219,3088.486890545925
2542,1443.52038494305
8893,9572.798246205884
1753,7384.919137041988
4833,1883.0555853676922
2187,8751.501117648078
3778,4828.66372325888
9913,8907.907643005523
9006,7289.463974309499
4536,7772.028047992961
489,4273.473982921658
3587,7962.332029822044
2082,7876.136669389925
1503,8837.886877423562
1702,542.483602063214
7164,3630.0396123798737
3202,5195.13838942689
1379,2451.878765129881
7892,3329.5763433673887
1823,1882.1816518431704
2717,3927.515313513084
4201,15.638894987938482
3092,3214.745788079974
357,4411.668796521898
3726,7678.099113463778
1381,9209.152009448162
9954,529.6263323521657
8252,6815.889297136573
5331,4835.389262987227
5203,9053.527813966508
8720,4934.571048925284
3259,2419.1190533943936
3462,1404.8884963731527
7891,2188.3451699125953
2992,3871.523698134352
7680,522.8130158122244
5492,240.00991988540792
1792,4416.621647190872
7904,546.6789315297357
7123,378.70662721122466
1058,8576.427892215142
8181,4053.218173991008
3382,4618.679685556644
8506,4665.41287940577
6228,8290.494678603281
7658,6104.238558332825
7882,1253.8457340932964
1336,8763.949852874963
2948,5784.09238754619
8531,8831.72877642884
6023,6701.6790448615775
7450,4617.379323549568
431,926.0424181884179
6075,2733.7400489359993
6513,1075.6444529106686
5096,463.4934649549583
4077,6950.941852818026
7620,4477.558588664088
4629,1476.9691357351746
8440,235.22926136429754
1836,5741.051183020703
193,837.6646253436279
2802,1152.9587327430202
1849,8911.248926674603
6280,5388.600345462443
7548,157.7278374270134
9019,2831.0757540869545
1970,2611.8651251779806
6339,9471.637828348767
3382,1394.6982951030025
2711,6906.775663129214
7598,4715.248469458768
5411,9946.2909420056
9506,3271.8004169900664
6341,7643.847246031778
841,1809.5986990313459
8033,8069.060748157742
1392,8583.989566177233
3861,3050.7551111875237
4738,5739.71410951345
8418,269.5216038089138
1700,1197.1794585631044
6940,6598.22534460805
921,563.1416044283973
956,8379.545014883206
6978,5769.299636669901
8948,1448.077453366701
4793,5681.842609916252
5949,6147.92319391186
5962,2754.9909583881754
9165,341.0429527273665
9499,8963.058043929228
4674,6428.007770518942
8537,3702.4961933767254
5703,6828.068290677656
1655,6114.804078768689
6014,5982.740166465169
8272,4410.058816959851
1293,5996.350585817748
2136,5119.1847939748795
3364,7299.189456495222
2232,5961.883890817247
4495,5352.098880933706
5385,7011.4548738955
5671,9337.474003252768
7015,6192.470320892507
3198,9035.768866718065
6470,6789.5140515413
4746,1624.6841029772324
3635,6613.87739611656
5696,1026.2669813957805
2838,744.2683155136854
3580,8603.17842882387
836,2348.2282680183907
3074,5491.369382272617
3582,8999.04278504179
5225,3665.37471195046
3361,5099.512753330843
9006,4970.3525144459345
2896,4557.9765765176235
9418,4757.906776726956
8543,1713.4969620569964
5400,9523.581592176915
3586,2627.0858330387955
9763,6003.767997719654
5204,3349.2984826854704
8421,2540.5514087151473
9242,6527.429039763523
3237,2230.8123263275866
388,2819.93514850866
1938,1346.6282485203262
7639,8969.554166233826
6956,5830.734817181581
8374,124.9073832042818
4652,3295.4866471868067
7904,9982.16674986141
1037,7867.401237718246
174,8722.620585168776
1707,492.9879105568765
6,5288.697940243664
852,7836.150106508065
5031,7585.208070251425
1192,8821.997490754482
6220,1415.209160058533
537,8998.435924267935
3555,6558.062447846508
5936,9442.384778199266
3748,6323.81486065142
9751,8702.936719642303
6168,5085.134832516996
276,3410.2048657784017
3972,6859.558165604012
9687,5604.994152194714
2246,6822.806711674533
8525,2597.8050247541673
4012,6792.4225938603395
3848,8200.01130614954
436,5189.899905856037
1297,2574.3546291028083
3658,1755.9142832081855
4549,1589.1761938306229
4717,7386.127132672596
9260,5604.042236341287
1388,9859.396639219136
1288,1878.632153923777
4733,6927.043619581209
5515,4434.938189045686
7317,9278.111457953582
8267,145.96845289311509
207,7224.3105458725
6146,35.26800958330094
9893,6587.572693940237
7515,367.6498162324023
8263,1259.8248736548626
7376,8945.590556859246
2280,2154.7622283400874
7267,8235.756931409387
9485,4883.028508680478
3537,8416.131953972972
5352,1360.3144792895428
183,275.15985261355934
2329,3784.451574288735
6203,9974.26530717266
5632,2947.6216677784328
3102,5161.993443729459
5453,6665.301174847024
2671,4611.887895488132
7752,8283.545016592128
6141,1687.0579071213022
2891,9661.651549439764
9348,5234.187564892374
7045,7824.1634721784085
4929,241.51465212636467
4716,9548.5485566511
9079,4552.047398929884
1673,3568.7448544765543
7171,7268.99734741363
9642,5769.081485756281
1808,9066.083454094545
2399,8796.872440038029
5182,4585.013253498243
145,3826.234911672063
9928,2321.0612794691965
482,8879.412553961445
2212,7971.249241188307
8533,5078.07798438414
8049,3078.188169361922
7854,9439.751333578077
2702,1979.1616896641303
6571,473.5997727924004
2419,6590.527389939746
9884,671.4927207675231
8082,331.963999481279
7395,8264.247383206784
9031,9625.529615132551
4979,9084.542046423665
3494,3861.887710768222
1376,8244.980463824388
6863,2410.427589312844
2585,492.26674246203225
816,382.33625129317323
2411,7540.394271020892
3037,3156.9912634797893
6454,492.16249330156
6606,3409.3026112745483
4679,5498.224834288603
7207,3342.889347954783
8984,1272.2100298516448
6878,9158.172130061921
6248,7714.292195070318
4592,4395.651026894278
7636,5996.858104277945
598,3716.7817660602573
1258,1736.6920528920102
4721,8956.97802403338
2506,4582.312261201181
131,4810.357109522674
4051,9476.792464528764
4416,2387.898157523518
4583,7137.567253051418
9253,5085.697541105878
8013,3887.34555711515
1149,2671.0127337299664
3590,3873.36353471397
4802,6309.729678338205
6343,9914.773210383508
6263,9390.82675740027
4780,2753.0029287502584
1808,6410.304355287498
5060,2303.4337635054703
5791,4940.913637584118
2119,8687.706801765655
6434,3766.8530311725067
3162,5250.429074211947
7196,3622.4079111153887
5783,559.9490867684653
6979,5666.277010746166
2311,1489.2617421060859
4144,6812.0726716471345
2326,4853.951589501619
8516,342.1927475315887
3187,806.3990674052453
6011,4849.937684495927
6557,7208.269667185011
8714,4500.399386398691
9484,556.553184534753
5455,8812.254502794569
6422,5649.1563881352085
6521,763.1947219981308
9676,3199.2365492519007
4092,7844.263745727678
4773,1814.1360171396473
4608,1922.907294005936
3705,8403.90050526077
3236,202.02301480145192
7250,8946.972774599719
1746,1442.766549289263
9060,9759.716481488153
6940,8676.28829947312
4207,7959.966235808356
1115,2099.9834853430275
5456,8627.806577502492
6214,3570.196975599597
9329,5337.2570089275005
8688,7196.660501678588
257,179.48450371489776
1749,8867.248898450247
7148,9186.580241394568
3438,1249.9039909895528
2946,9151.814900316193
9578,9791.830043323902
6834,2220.6438139729416
3953,9566.259067261068
6337,5376.545818225524
5580,2392.276610983759
2721,2948.071081624636
6774,8637.337802195369
2504,1591.2311023121229
212,8328.222635481545
1308,8883.58762786259
633,1739.2629745624101
833,8604.09172379234
8829,531.7317680237467
6501,8047.888390338026
8504,6675.298033363108
5462,5335.932876561907
1768,7879.4557529627955
6928,7551.366635775974
3916,5070.782075984765
1458,3770.1690877948536
5509,9578.81617215646
1792,558.6392795554323
8895,5119.2462786095775
958,1370.7705071495843
6461,2393.956965168134
5263,5409.552784486473
1478,2215.326631642945
7643,5988.686871319822
6769,6398.963184075968
6306,3203.1022716218813
3183,4371.848895933997
4466,809.0570188876827
4743,7422.590882921072
7321,2610.4466621868382
8691,1847.2035379909123
1004,9362.26499661628
1700,6831.50605900847
8880,3228.9567298705374
6093,2884.8852934914335
4900,3163.648322690088
2889,1833.7777695861062
6233,1251.9758281306551
7175,9991.813552825644
7397,6985.420714512496
5164,1956.1214786566863
2645,3746.728160298972
5593,3662.8099314336155
611,9339.112984109943
3465,9866.139321913146
5207,334.5602425091428
8226,2958.3504851470307
1653,8174.596569204331
439,7199.552376073866
6727,3551.446031831937
3511,4869.464388897698
3506,4353.49198753435
7074,8550.17258908708
3763,1693.440699153762
915,6863.402871362282
493,7929.527203975933
1488,9304.107744018416
9975,418.51836157687455
2160,9534.443742549243
3667,4780.148570534227
1344,5464.450018526859
9818,1908.9730175037512
5753,8772.95940430687
3746,3616.44701930829
285,6138.438756303943
5999,2875.3210536165675
9849,9363.614351243565
7067,5926.207010893994
9220,1854.8480868798185
7770,5191.386131379736
5134,4432.315358642901
9887,3878.6357779398304
9736,4364.093213600279
607,5453.000724866906
7341,7647.285058261011
2403,3730.0825267733976
3125,6100.3020577655425
6930,2245.506979999253
7999,7601.380981113469
7797,4776.806552282018
9678,9954.347494203643
8407,2410.9934764454842
856,6273.528607686925
6721,6386.600576539285
7974,2534.588579731407
1452,106.94735884109933
3490,5996.893261121818
1566,8151.831469790254
8409,6565.814296313682
749,4937.758642072412
7156,1842.1575213425301
856,703.204589788727
816,611.6364969116089
8526,7959.258615728576
8336,8827.029666166505
9619,7217.308906709532
151,6754.330120230308
9064,6833.226545024717
7588,5877.851083840746
5124,8173.756226973021
4071,9429.863413943931
4087,3929.5487537516824
5935,936.924661614498
1723,4375.46833077868
9814,1052.6179460705944
3243,3662.46212610323
4325,4150.93604320938
6270,5792.423027236063
3061,2609.040920580121
8733,7850.066485427942
821,8544.587599343453
8436,6261.9176352863315
2185,9889.22875742517
6344,387.04183516950735
6013,91.31722766556302
9434,6578.157392879916
4415,8506.186315537565
7514,5011.247842698904
143,1594.7232417252037
7395,1018.7288670690361
5165,3372.259005518249
5423,2474.6472876754983
1512,7309.063665918092
724,4839.26489900198
1038,802.9822450610096
4463,5877.729738165254
5461,7692.955740432394
9447,2787.363167933465
109,3906.3467703104507
1235,5485.373078743513
7514,6220.143282650614
6331,1156.5620028021322
50,4423.223287715732
7390,6790.826678144456
612,2663.9533136290725
1406,8436.937238951681
5702,6679.4446070887925
9913,8132.247637321176
5669,9762.814438503123
3590,2095.6244190318553
5137,1821.7903048940232
1120,6641.974277970296
2544,2690.9565269811346
7861,1514.3284221936578
9192,2990.8697490290847
7544,3820.472707787986
3331,3228.165449247441
8062,9646.625342103467
2374,4608.651290563002
6465,4524.635631121522
4425,3072.2084650244315
987,8415.619964362477
6797,1431.1312932389208
6315,5659.87304069937
5121,3180.3093104972145
8199,5391.262397384108
6532,5536.391029702718
4108,3362.172841628588
8880,8569.786271402054
1240,1799.3862388371574
6449,1918.0360837434653
4199,9960.066051952745
6493,489.72982853622534
8695,4389.2754821267945
623,5831.766362005311
2454,4513.185135227237
3865,366.3375593934946
677,6206.317851624744
3792,7580.570236981441
3873,3197.841095104209
7219,2458.280125743708
1100,3802.054527559924
7616,2882.790254264472
7035,8352.810196832968
8876,4613.216552349177
3877,925.6855137463511
4926,9497.058619260355
1872,7457.257808127
6804,9052.33285013143
1214,1235.8362136566038
1666,3274.842521002925
5339,5831.489702814971
9357,7595.523157459615
5973,5070.146628469966
3864,9281.10279765944
917,9357.956755261366
3501,8235.584249444857
4321,7811.991350045981
9807,6181.307118839553
146,6006.702698488959
5428,2485.546388327971
3285,9892.387814039696
7885,4522.794558944444
8666,7448.186163371981
2919,5400.009353389251
9616,969.9016565945341
752,2104.2390690287584
8490,4557.159892481854
152,2701.1072939529117
2967,3319.1099922550707
5117,2078.7074549400236
2368,3080.0428903540273
9149,1903.4698284461738
8088,1983.9266141425255
227,1963.556612769079
2486,8267.96609430878
2672,6870.305640528001
9107,1710.8532864612716
7052,4216.166895848189
6457,9759.42844506984
9460,7705.473983791882
5041,3221.960310897247
5318,1544.2606107366576
126,498.2450587890223
3189,394.1695265757495
198,3856.159866491374
5248,2608.295141093422
8645,5978.220282311193
2229,3109.58944980614
1023,120.0768690143276
2061,6289.183794285998
745,2615.731728690731
6592,8605.705472970556
706,2186.5783909800466
2208,5177.335881090837
1488,6511.156808321747
1023,4597.008901663186
9028,2885.7683997799163
76,1448.7639829479479
5779,6420.826437224469
5713,6544.853532250269
2745,6217.008184589807
3082,795.7547595179719
5733,7201.938555325415
9829,9773.765922569031
488,2932.2697510203984
259,2574.3474515883863
3984,2537.6162107720857
6979,317.84168084294845
8571,3218.881585684363
5420,6830.618592529374
5102,8218.043066614882
8873,6413.1052530513125
4299,9032.47488913272
4264,1373.5177538312344
1762,9781.359968421653
8275,5068.445230582228
8293,1111.6887108553258
9483,4550.749932487968
8674,785.7556526526181
6254,597.5055638428465
984,8206.943202273167
2431,1907.9526091882417
7890,512.9379908002511
4465,4552.646715111601
496,8587.339793909156
1930,7372.160924626046
4819,2396.91415572547
3160,8965.851995919706
2608,6330.494756225974
9685,2148.3092263872945
7158,6951.768265647012
5615,7305.19870962333
369,7461.868451740367
1704,6967.26384919346
5470,5500.868542634771
714,67.26435306391814
5221,3471.895471430374
408,5877.6344124798625
9284,3487.685314723491
8904,4417.590552410627
9592,2245.9752066057717
8404,2217.358125597924
9528,4665.157038884122
2422,9799.075359574123
7764,8956.13333864143
5264,9948.804608114084
7627,9947.285152480745
6906,3909.9141258399954
2540,1948.9092533441824
5278,6018.896385979876
9021,7214.3936639783215
4975,5971.461739563327
1091,1158.7826187920725
7814,1892.4916025672496
9325,856.2346630209659
7644,6710.135178100641
6002,9108.191972964258
2652,4946.025669809083
5717,2349.8746921673564
6721,6948.2287883289755
8649,7014.9599754691835
1064,2872.1562379866905
4970,5659.046214835575
5846,9232.26459835432
671,1046.6791381679438
1125,6755.908879889461
8717,3738.3965143015403
3495,9408.245232366045
2457,6272.368591590882
5321,1001.5695813505794
8311,4935.817140827993
7607,7555.934338681999
5327,8346.46248129469
6143,754.3201674119645
4731,586.7906371711738
6736,200.03262442941372
7263,5453.933175720879
6107,2.36104266017317
9942,7577.43326413918
3470,8206.87328943093
9114,5568.113530122305
3610,6004.020578415702
200,2183.672467904735
725,7294.0051762359735
9821,6557.523995561023
6297,8219.094258845389
9416,3949.73803424142
7070,542.7872053717133
1134,9175.76367715768
5093,2396.4100132444755
990,925.9047029075014
7750,4850.863530229174
7411,5479.2726950611595
2233,2988.3694769116855
2682,26.166304821706632
4973,5733.140671209718
3444,7705.527559761114
3760,9559.955275503653
958,8814.277034802792
5693,7372.639564970152
2548,5161.974754759824
8108,5348.4548947739695
3774,7501.343125946533
5758,7352.340435965703
374,9148.7638657342
8454,8635.897264949968
8644,2434.8983779596815
489,7970.894543604448
4044,8472.085374706065
5744,115.9436073515328
679,4884.146731026152
8766,8561.822127681186
408,570.6772147906377
6913,1891.7351538619253
6081,1403.8063060036075
3406,5727.568742945441
6775,5803.802000612088
9631,6298.93831837634
3810,4556.73743204051
4506,902.5392309732695
6233,4945.759402447865
6877,5192.987025402315
8629,5302.289454903582
7472,7159.983978643241
3689,2405.7386336232353
5353,2876.264935389977
1701,822.0496665876626
9465,9681.354103943848
9557,233.5706768246409
6592,8329.728687435048
3766,4081.426393058729
7683,6789.499398930823
6268,438.6896142562656
6761,4913.211397509864
2469,3919.2517411544018
691,972.8308109481053
9607,5664.360675852843
6180,8187.4095443209335
8763,6941.337754954867
3770,1808.3163005411461
9577,757.983550991165
6769,5042.294343407166
2430,5022.667087245556
2612,5200.931931674647
575,268.0298443853825
2700,9772.4457501875
7736,4693.654543826982
4612,5847.9402361126995
9238,9421.925233064152
6728,5286.554736971727
9672,7210.662319755213
5909,2346.115845114537
5012,8612.929468741337
9502,92.09071817119889
7731,593.7004428753031
5466,6854.790355805508
3123,3930.8302208582863
3138,4238.878651247905
1101,7416.00023512098
4276,3734.3370958616856
2710,8789.002638137335
5481,9877.08335812377
3287,4652.889401507014
3782,4059.4655934154234
8584,4182.147271498573
2503,4590.84656306731
6841,4350.156631785957
7197,5440.450215236369
8419,7600.764419543012
3977,8172.572925307441
9652,6429.837379128253
3799,9051.160023656128
2941,3166.171207093998
4795,6014.610338896517
8827,7404.102964423997
8215,8286.513793802595
3734,7997.6228104259935
1286,4759.821895547714
7968,1292.6904069387526
5172,5957.731190024945
5264,2377.8455551413062
9041,8395.29575144747
8001,1530.052671475972
5240,9444.49845569872
6115,3728.038308934117
3607,5444.186047361827
8152,5159.165913296492
2399,5717.923116714634
5152,6959.155184585579
4799,416.4352204469424
8353,3090.6740814328873
2028,639.8967233257541
3391,6217.023814977051
1247,5190.871080577684
6146,2719.8093241079987
4669,9464.237672210991
5658,5569.609310029388
8604,8490.925041191715
3764,1696.2659494530183
1458,7952.734697894952
7183,8676.484489715534
1725,4109.968229889008
1725,4126.966459732772
3033,6003.962106903529
351,9977.31210765139
6248,1058.0114962924083
914,3008.4000197160353
925,8232.487716287025
3641,2436.897945950026
6755,1295.2653719239756
8255,5169.969418952807
4777,8397.845985358934
986,9385.12638121428
5774,3210.804435137258
4559,7526.527112091409
6364,7098.395588820022
120,504.8330559465743
1822,1513.3368292566504
5049,5921.037961462834
2756,4648.932653643787
2989,4475.425435769038
7649,6695.817501593875
8304,350.0479995931435
4482,3552.6831542991877
823,3352.809686148942
1713,9745.410008902307
836,2860.3961653861693
8400,7483.041591277169
2866,6184.933233553775
3178,252.0353824408149
1475,6910.350343092875
7133,6190.181309955771
2816,1931.9977943115023
1807,8582.509247788434
5902,9475.102795350771
1328,8240.403957262135
3498,4209.157823477056
5718,5301.010236981223
8133,9693.308479862057
6397,6013.850974720445
1502,2909.256410541413
8612,3465.3773866898982
7398,342.09798856786773
8381,9860.94946773721
1365,226.91200981884745
8125,1999.4829124356183
6112,924.7507593396186
2691,846.7094643428952
3696,1136.0124277516968
116,782.6744021430749
5308,3672.9626084938236
1117,3976.74765968042
8788,855.4246125751191
2233,629.0342344970276
6621,6235.388391758317
9567,6346.658458875648
1678,4338.4797230137365
6201,3818.9528728438763
8498,7353.895555458398
3210,7100.098847269548
8698,5332.541648960899
3551,3348.260338681697
126,4312.71229098669
3977,8628.715573977737
5341,5039.717194340401
1909,1554.9125899786989
7136,3448.4027018992538
5438,922.7790173047916
9969,2924.5173615734147
7366,1292.9792688158386
3563,7513.352920196806
8400,3480.1478225760397
4568,4703.0277243554365
2994,5314.429916085312
8078,6179.202890582606
4508,1703.9369502317088
6741,5056.8954657071035
4111,2024.96146732125
9784,8465.405449806829
4832,7180.006445395779
847,5105.19561240336
2042,8270.86703283022
7716,8392.847941377491
3176,3772.1442372496126
8316,7178.978753361608
8034,2337.6894466830204
3704,7639.219557213201
1208,3926.5652708125267
7072,1936.0656785291615
3078,2799.156682299533
8115,1494.5571880720925
1695,2121.0951390728646
5881,5349.390853358884
7733,1409.6447796404414
303,6898.154985787766
8923,4855.161188556922
2926,5621.960239911672
4714,679.1650092457626
340,3858.7681096976276
7077,9107.462469708558
1641,2549.225752166441
2270,9309.621141629097
5283,4025.800106700685
1093,3667.9368117704867
9657,4381.43805716016
4267,1155.831833805369
1462,2724.8997039337823
4120,257.4021299134026
8894,9722.288129859307
8448,5858.566459906676
7645,3228.1575809787073
8655,3857.9848059240358
5485,4499.890706074463
5459,1846.5882801886985
5029,4558.832849001949
7529,4160.213665667004
2374,6545.923840735494
2159,4832.451263926684
1749,6614.293322382648
9261,2539.396045050995
5021,2837.4804722782155
5903,7500.550494870257
5136,8898.604599613718
7406,1482.64962532105
1794,6917.939421109654
4682,8527.664503432045
5857,1653.9501765728392
1289,5875.708838856472
1551,6558.918204259693
189,1612.9937006855898
9788,674.8169384630721
761,8066.3796007945075
9089,4182.11174176025
1475,7673.436610773584
3570,9605.628328018147
180,1114.2609441642592
5281,5094.579858348246
7558,5882.599807484421
466,6001.261100737665
3406,7142.106047378928
6463,1071.788028525297
2754,1693.7906269352634
8338,9933.627294262036
4599,214.94413720670053
2609,9321.463896078616
3108,2533.985209693686
971,6456.255907183671
7325,5632.832403642395
8235,9383.074686581234
9088,4322.52042278755
4790,5687.556733886137
2765,88.86127225906631
731,2979.4873734908524
3313,4477.005120371047
2929,6825.20211717984
8214,9566.782542953455
409,4379.117088857206
6271,9573.695345083745
4891,4866.808394840746
499,4432.38381516284
9533,1303.624074791781
7998,8329.333771263668
6894,1329.850790365129
4773,3591.4749090510504
6948,8907.968466125889
5750,3059.1931496581265
8915,2761.495982492554
1401,2167.11529011786
6560,1893.3792519981203
9665,5284.825470262103
1318,3327.786029311732
69,9581.446344270627
4922,2264.548718252762
6375,3654.7602533473164
4787,266.3567640261533
1604,7475.253860392985
9046,2802.107749911575
9522,4832.148693921946
214,3495.6239657023325
656,9361.13015482611
1021,8761.193668092319
2529,528.0989321430601
1271,3173.1215395529066
4813,6445.857991368098
7650,2854.668588078837
3839,6330.200441393723
5655,1481.4253825691974
3788,6515.385656708585
4677,1043.2933425624567
8060,507.4818380682357
4677,7440.846349573584
4960,5312.516164386094
9228,9190.922183100014
4161,3431.7980933218932
2199,6036.823984050675
5292,2310.180617670434
6736,3111.5202493756633
9966,809.3946542579661
989,5440.710314197721
3514,5299.916841998707
9318,7039.56611387593
7284,6357.145274290234
2840,8628.368748199637
4021,711.9250308294918
8837,8089.14817091551
4252,2113.7048767902565
4477,8175.779380624631
2057,9068.821143051917
9312,6710.810398272923
407,7024.5801371277885
9562,5520.581331322501
6390,7508.95867833891
509,5704.960059789668
1365,6991.858883718469
357,8483.232924453492
227,3764.9396430796733
3024,2824.3931006870303
2058,2027.0966077842183
3959,3337.229194334012
3134,8536.68928169348
4860,4503.246302531508
1461,8687.60572684015
7709,207.55566326827346
4038,5663.2089046029905
4399,757.4364940026602
5745,8461.144476144666
4028,3101.3127376656194
6651,1998.8851870852307
7464,3785.392531968377
5319,5246.749210667695
2540,8349.196446962913
903,1423.9719837406544
3163,5322.641764490122
4425,7614.208556279164
9716,7749.266668222516
5375,9892.618190405336
4637,274.5569137581857
9710,3999.425800155118
8180,5201.18848642684
4910,939.5614976627902
5467,6673.323675110791
6376,1492.6620737335143
1597,8123.87775884165
449,3543.3603013084785
8073,4505.937875572921
8914,1396.4114116134774
3615,7444.237650944457
4804,6790.783688421831
2991,8430.787049688775
5945,7207.399569244852
7653,2440.4163928082426
8214,8223.73168990048
4840,1949.1319064373413
448,3192.9547773659733
9848,9234.773246931929
3374,5302.806090603328
2608,3043.5396395691573
2077,4215.7465624427605
1508,4230.483159902903
3560,1894.4022744949623
7265,3848.0807557376024
3391,9987.637756634467
1783,6260.465375420834
4978,4197.9466423442955
4811,9366.848450106556
6920,9402.146646021121
6905,3767.0702804842253
4325,3027.644193999874
4818,2797.107510411378
7761,3112.764306119612
2838,5773.705515862668
6694,1856.8656551878344
5317,7479.133045627099
5947,5025.125488892225
478,7958.3382300986805
4740,2548.037623379609
6413,8035.545051742142
9458,5868.775353835433
8417,7604.553539683496
3940,3176.6608662691146
1303,5711.700973250339
7007,4502.032567805037
4697,3725.6065961391523
1367,4863.828665720681
5573,5476.451602374403
248,5124.191587653966
7701,1148.6482481528917
916,7033.362667396843
383,4915.321059164825
6082,1057.0607019259894
7136,9849.060433024193
5867,3006.43999138615
7163,7452.917907949552
7110,8253.584084061591
3514,3327.583595019459
7919,345.33345944306353
9471,4949.137482793218
152,4212.041378926696
7651,2302.670700429213
6093,2866.632510796627
6482,7200.463296923183
8908,437.0718086484425
7866,2535.249625434333
5839,3733.069567575814
9041,8396.42455434859
3769,9135.519522997994
8887,8048.830498031802
7923,1536.820986273716
2059,3059.0227790162044
9321,7300.845913832532
6901,3550.637758670866
292,3791.903854875771
5626,6508.679588339454
2130,3839.60390537422
5720,2329.205085315577
8344,4751.040975503462
2983,7403.021978870421
7342,7924.22254728078
9806,8433.611532115841
5592,6954.112535759567
4017,2372.5563314692695
5248,9225.095804810104
7331,4412.29754889144
5720,8430.068671085248
7577,5303.044449308323
3608,3182.7223085680534
1055,8396.14154006017
9271,9960.922240796966
7837,6306.139168425474
8239,6989.394204548181
1693,6834.229446851054
4358,9325.19266768755
99,7904.586521803922
2896,4450.676726565979
6346,1647.50598275782
9959,1932.9223243116821
374,8484.055647112335
6716,372.67983522565936
6484,3106.2348656870604
8340,9764.138178299017
5924,5543.402897593963
6254,7656.863322027024
2217,2216.955857274363
3914,3038.3760824056653
6259,3783.930079766739
172,2762.8750092882397
5720,8899.371391202767
5165,1500.643625076525
7558,5578.943500917968
498,7687.666200931244
5217,4757.344417633355
3277,4772.937362763739
7208,3860.6760595046508
361,9153.881109369724
1778,1713.9443429918565
9788,3660.190275275401
2156,9960.376900990746
6381,8142.265829015133
4764,320.2217237424676
1203,6831.2675748488045
5815,1452.129754757088
7660,5451.594103129217
7898,4011.1464329404566
4111,9796.382612812815
4555,7517.707231054397
2575,1442.354933049985
1891,8105.8943535977205
4281,5585.0555589333335
5436,1904.5218211433391
9268,629.1972650640112
3685,4837.412475259771
4017,9041.482499896889
623,5975.478421146336
4251,4287.881944338545
147,8199.95035326417
7526,9159.940388465488
9651,6929.290687220548
9500,6739.230136819507
5296,4912.988328567376
404,6358.595117265944
6103,8698.568501022462
5134,3473.3223569216952
5189,273.7477111708847
7809,4118.835988294564
8502,5585.734010680399
2671,1778.9363334386471
4921,203.2154854859215
4530,6899.007204526364
3136,1163.576133687811
8151,7044.976883019879
9120,3267.3683681757975
229,8738.15749425739
2545,7486.001657418893
6180,396.3878861018179
4374,8962.029298303662
2935,9460.178122077567
5423,2150.293047174443
2585,5818.7972251911415
4136,1054.5381358922152
1020,7897.451812571385
3991,3233.9272980433475
1130,7459.886791842428
6699,7261.174044126069
2042,4044.882468152049
8356,4670.7701868939175
3938,243.2384967271901
1936,9072.009170850995
7849,4558.927834634659
2749,7082.199888288662
4783,9475.145036710206
4119,7981.630285118878
3356,8518.005368445814
3301,1616.4709582107068
2329,7615.640450739765
9044,6938.909548898053
6953,2855.3918946097306
1398,6825.376299814906
4285,8849.739292966087
762,8294.759515232365
6640,9374.490661834274
1004,1133.0158056428031
7454,4656.634314508044
2940,2039.556140411106
508,7778.083329404412
5624,5910.23189795693
5584,6014.347218655752
7425,613.6615490071598
5439,1598.9408646982833
3228,6725.016117233941
1201,423.0788795065077
3904,9091.233095784635
7873,6467.913344479093
3523,2778.952269855287
1273,4393.256345260788
7766,2019.2486008744725
1742,2629.3692863520705
1025,7086.497528595774
6827,4583.02130271356
9017,691.4351217011828
4919,6102.606365998542
1205,2435.664985493135
2239,3227.6547167252343
4255,7170.532553527978
1024,5428.604817061584
39,654.4144890788865
532,6041.188504570998
1492,3827.0753246938984
66,3392.243357839719
6735,5241.809827173658
5388,3249.194861543291
6244,9684.628469799982
9266,5649.849463151574
5744,9889.752588649968
7765,6910.503129227553
5753,7379.157845495428
8034,671.7070289572716
16,7936.849945883735
1438,206.33817525201022
2739,6994.972187589511
2833,7905.887362729397
9756,294.7233388714976
5469,6840.128015479307
9579,5590.416103655018
9800,3596.5310915589794
3282,1885.8228270685167
9290,1239.97516892925
3486,3686.2525193308616
1529,6142.4466974942725
771,9135.545969604023
513,2693.5388059152488
1722,2513.4141939781416
3424,5441.649621678352
6185,3550.2306933251434
6810,9113.823744149224
5149,8306.559322474608
8177,3109.2135321533938
8204,8918.321083824136
2033,8576.122086825486
2858,2436.6156811948786
2789,2998.55076855061
7223,2193.771461490932
6089,9296.10378093345
1114,8658.245280528805
436,3934.9992949070493
3518,568.4935631156769
3586,1221.8022623014406
7911,1286.9146524705448
2541,9074.331013375946
2457,9804.407795680301
6195,4887.990348146143
4476,560.0031081225103
7172,8804.558099586633
6770,1347.4047983325675
4001,5717.194853078974
4866,4006.1334231615288
8970,6598.153031902602
9749,8253.278502676696
2742,4408.342928891584
1126,5086.657807599904
552,9736.559049832078
1161,2498.43625688882
1972,6594.788529573476
3118,2907.9839903804777
7971,9318.60604335449
6317,8668.948023273253
2292,7430.2138643427625
6195,9293.173306659755
2813,6461.209427899145
284,1612.2407362563497
8350,9262.65297367106
3875,2006.9950968297153
2001,4114.467081237815
4259,8048.496329011216
7696,3067.6319185917487
5234,5405.373253545205
7750,6401.0304815587715
323,4721.564954089981
5705,6795.174431734743
5622,2327.903489434154
6755,9895.36638945607
1876,8088.94780884737
5471,6310.16476393791
7149,3489.8796202032718
2826,3755.2855855933713
4905,3125.1620595108934
5402,7069.319480314084
7316,3190.0106392457155
1415,8116.853442310617
3914,1248.5423491797474
9947,7217.758226161674
2079,2604.76173807688
2064,2681.5604053983507
4694,9932.29309706991
1126,5257.925291096149
8990,4468.003507150532
3223,9883.366791816194
5827,9029.343317848403
7804,7958.352960269035
5326,5422.403588856751
3443,9581.997074144416
468,1343.3188388593594
4609,6669.51721457966
4019,4829.741664827936
9743,4664.605134888883
6700,7497.686996510906
8740,2702.77833321173
9957,1332.0851037868808
7316,9492.67783910099
8289,7641.881910275145
4817,4944.154352957564
5049,950.5068225483997
6594,5603.802058852276
3486,5015.9721949205405
3377,5366.423737078162
4462,3013.7775460219686
5280,1568.6636155006863
2829,8933.177048976766
2963,596.8017067392568
6403,2702.2199041969498
8371,6436.401112835835
351,7212.288780635138
9937,210.1878542435504
8870,1496.653944515419
6342,8673.183499532022
6644,591.8137434514855
7043,4913.730459577916
1870,9323.120827128962
6499,5003.635153478298
5849,4174.386092635192
6909,282.2040120204264
8415,4685.8153989198145
2455,6076.4769539225035
2876,3441.766557786295
6509,4204.445134830923
8883,1562.4143392843148
1465,8369.507059500258
3444,4865.481909336439
4545,8720.84393625849
4434,4372.7309460508595
3504,4240.788889607193
2947,3669.9163460769464
1598,9396.637251361572
4434,4794.380647087873
8582,4542.672932621254
2755,3773.410853521571
1635,7906.498041434949
9852,6715.892999370372
3370,720.0165260074012
1712,7454.681238998719
1634,5992.668980004792
2051,8123.449716660966
9834,5792.728455306566
6949,4780.612159692739
5434,1459.6347156810534
8871,1204.187095016298
1901,6153.507508431026
7123,5330.2368810504395
1751,9367.080766330077
7779,4453.74200478301
1583,8576.395052917718
7442,7264.458964297131
1741,4095.63360935503
6668,3089.4778068386227
8468,9367.513380004077
3103,1270.8276319339136
9836,427.62865607500197
8518,6537.573310154256
9952,5060.112341623638
231,9422.424127435848
2989,4333.901047482152
844,4304.907329018473
6362,6571.792522763323
1614,1505.6661246263586
9809,6613.348268816752
8576,4006.4238194580216
2076,1243.529188741806
8858,3824.59055738006
1111,5050.757508783951
7235,7851.410376689849
5231,9659.866218329464
716,8059.924085581664
7338,3262.145643376721
9920,6369.873359677996
2857,6687.399866866394
3567,189.99672560006226
6155,6889.607228574578
7115,666.9444360853194
4615,8615.427902659187
365,2023.311809618072
9612,311.41651942364837
1726,6999.000696218327
9306,845.3800124000869
3021,394.32549262793384
6048,9520.881358213397
7418,9963.93335275014
4316,3013.4040504106415
2695,1537.7490459313965
5400,9362.191596829578
5572,3080.747249318243
1228,987.2278268695726
3809,701.4305083804619
6418,5754.2614604642185
130,8058.426120283635
6250,7625.167508404259
9073,9522.623495817696
5114,6095.3103802210635
6274,6549.7463462365695
9588,6735.904933648043
5231,6220.204135355145
6257,3499.678051377872
665,657.4722850766091
2305,7130.402905687106
888,6122.14146650503
9512,3028.121597270015
2347,1002.1179347077508
1433,6200.081434484363
1938,2592.283840266716
9578,584.5876901208608
1860,3634.208975654994
6716,4921.124810686003
7363,873.266285691373
2654,7634.210861209424
267,9574.726001230265
25,8705.54181341294
3745,9898.099363573205
9762,7418.027499274766
1574,3281.165888989919
411,1014.3484119543242
5015,9607.748574198216
9873,812.6571420393852
6346,8816.403089590372
3354,9134.995487460408
5011,3802.7595494161887
7798,2512.9455511409174
84,5031.283838371236
3527,4062.912201024001
1352,1083.7444283270058
8181,700.3139490138934
8217,3519.6387161919215
6232,8863.78641677246
3028,8911.278463483499
9483,5848.31166445003
9308,5663.146788346158
5417,2471.952582864361
6667,8327.525311334577
1497,6847.620364794934
9386,7538.232352677422
9739,8300.008106521063
2365,9368.641767272937
7416,5097.501683129741
1832,3978.931623129262
98,9609.531382426432
7873,9724.775854611433
2154,9739.438280854454
7442,5583.41134833215
714,6025.519009202229
7464,1672.2134232554206
6859,9695.46231447382
8345,4959.57065709404
7219,8128.916321771074
9335,4818.983665972409
8583,667.416951599536
5706,987.9146117531976
2902,9537.361381756904
2591,4714.981613462192
3060,7767.150641342973
1965,2398.6287498048846
1098,8381.012456325316
6324,9844.41630266666
2866,6951.38479272243
3292,4452.539891331166
6563,2595.0818840528214
9830,2062.143796997741
795,899.7546407574354
9389,5008.39748403525
6881,5938.446134732392
1868,7990.191294476997
9215,7524.269392254056
2152,8770.656814996797
3026,4160.454291219082
466,1442.5341099077239
109,1770.1859925737979
1656,1008.7012663854459
8027,3214.803195757642
7287,9379.932884548412
2076,3853.043573868671
8611,4525.183677776966
1249,3951.10588429893
4907,6475.38752002523
113,9626.355086527312
8701,6183.921384866861
724,188.5170068472851
1573,5788.520777328978
6281,1220.2005668722863
6813,1761.5307335991602
467,9584.544464788156
7886,5621.945728185202
4658,8617.720405312371
3962,427.7315420957076
5114,9225.910292752938
1929,5077.428137184013
9947,5355.253589478415
4130,2642.006638918476
5539,333.0887494982643
5137,3359.4025063579884
1083,3973.6162321139946
7710,7750.05104745976
4050,9011.888444772838
8207,363.14846519171795
7199,9418.76707171166
8234,74.19140059310645
3326,2468.200879272383
2347,8585.688696197112
829,1038.8575651149868
9424,4777.71216683541
2441,2571.7867690555045
5158,8905.214259556134
9828,6335.410354641389
430,7312.7718795955
8145,1222.7211160522522
1868,5252.597985476556
9203,2159.1227604672613
984,2714.340214386264
2989,4401.867874549714
1928,5731.303660221316
9558,1478.5428802465472
5908,3546.3445439555703
4600,4339.505398781496
5751,217.75010999160082
4998,6417.612488258579
6803,7788.952569806801
4229,1703.9734470070453
1072,6973.937685129154
3093,708.8242415579216
1837,448.6821185099618
9482,2231.9641936797293
2364,3329.8967703064404
8600,7223.4876089171285
301,5178.767457713352
5781,4712.826460624162
5155,7948.267536632342
6697,8763.352594500611
7310,4716.964503949159
5351,9738.0050973332
7928,4741.06616593902
4285,2750.58276662468
5537,1402.7331424472575
9647,1134.4876267409552
4360,948.4516055707439
4199,2998.82956897779
2413,1584.4750826377626
7801,4485.876734156263
9945,4440.046221481449
5420,4227.898009187326
4047,198.26643803520807
2755,9676.462876165258
176,7769.1220985127675
9071,7476.2542866382
6592,4303.2621877128695
3785,6847.415065699
6551,9015.710006078727
7520,7085.368806855574
6899,6871.711335568336
8784,7691.96343958961
540,1964.4415116568462
7978,2413.64238791785
1404,4613.26446898851
832,6508.1924842927765
6923,649.6792488561797
868,9946.410968671113
6509,6128.007243731925
2262,7910.818451601707
9782,5816.2493238847765
2586,3973.2741657654424
8091,9179.402316118454
7826,628.0691695452348
6690,3325.828259744668
5216,6474.745447730028
1668,8370.076452773592
6473,9284.540301783596
4856,7046.798387478452
3709,9413.969049612393
1978,7012.133029568364
5173,8605.646633186381
9314,1281.1274362216473
6344,5069.999086949679
1417,9483.424638546445
9043,6927.041615424293
146,245.58049501147107
2716,2588.888451043031
2151,2857.971452859485
1063,8452.123675760811
8870,4668.326877456559
445,1419.5827208079343
3283,9091.45537510584
7083,6156.50438533432
4638,8024.743282867964
5974,4790.364810712685
1890,1571.4756935920625
6827,9753.054084680914
1840,7455.980329355616
5689,8896.347303540011
1073,2290.0008163120197
4629,5641.902521234185
7125,6910.5946719724825
1163,5958.258261982384
5694,8462.196368783056
4015,8243.508383090022
5428,2549.307747043834
4915,1816.516350330713
6879,9854.56698197321
7559,4648.67610325463
7920,2946.700433107622
7131,1229.341581755414
1062,621.0924289507051
2901,6978.135532125998
8120,9136.399231223419
4407,6534.397447941244
9681,1934.7935740307928
4149,9386.058010033876
8864,2034.067650478899
3485,7840.21156605678
5152,4212.910804506806
3222,9105.629279981644
4611,7270.256389995717
6338,5407.369184351151
9427,207.62854628160935
3125,3459.551952933198
4360,9994.92205485092
5223,7389.227351844141
2273,2762.030544941875
9009,7245.095060352364
2533,4664.177011516767
1995,8595.645806864439
5420,3524.717800129218
6320,7416.0655667902965
1871,7365.571850917633
2117,8437.977845502452
3151,1399.2736112555474
3176,4460.820494703679
7729,723.9764171328503
9029,8725.321322142025
1781,2027.5099318656949
5044,2404.1923738469113
9218,3907.8627323030846
2871,4474.774011616102
8259,2094.177777232482
5308,1841.9473379062592
3734,2801.5506353825426
2410,3396.1875997805814
7274,4737.57521200211
2509,2921.148953210944
1929,7855.724009694302
6881,2222.67071541492
17,4861.237226940475
8215,7681.54643170397
3661,9678.27804443929
1936,542.8320668144321
8722,5629.639914122989
8317,3673.8623244632263
768,4887.302052690187
2684,5303.514915464769
5358,9942.605112077374
1590,3261.59484653299
281,7273.762090436935
351,1649.5131306816033
3539,3175.8350247861463
4848,5533.711791815228
6176,1817.1857387628029
378,8252.521324078054
8340,5968.764103533612
9119,230.35424321340835
1356,1577.4132192193235
5541,7814.31027622148
660,8367.660451943219
7951,5596.420704418011
1509,22.220258911654177
2263,5882.875311949097
6645,9090.659200796981
814,4590.654402926116
955,3811.3705430024525
3655,3667.054573077405
3875,6219.163763402279
7228,6341.603273208946
7901,3590.41144046325
6691,3001.86268452257
7427,8097.796151625641
7503,2287.5754441180798
8674,2821.263465444265
8275,4132.53460211444
2751,5737.832784847346
1435,8895.46040992942
4856,7198.420363520896
9957,9480.02849054733
6873,503.8055564877093
8985,1392.0353566896354
4661,9686.313339620412
1198,9054.480855284826
9421,3380.705558837457
1683,5395.131665657278
7823,8713.147302586087
2072,5674.861510389632
1121,4610.970646311862
9526,5892.778309064112
5688,9565.274786414217
3703,666.8258525020318
9237,4981.192077408696
3079,5451.196787497109
8348,1521.9047698564402
4392,3196.50628656461
2358,2558.2210429979314
1058,6088.2658885921
6668,5759.717194809337
8098,8909.744072932896
3558,1157.113077662369
2628,1717.8300968576182
2980,1585.6815226590497
2717,6035.003366971257
3739,9333.089746248377
6140,576.9703068117274
2148,1010.1454356064996
8237,9613.966560321382
3922,1189.452994903498
2666,9557.108657794737
812,4225.996566540648
389,7035.555749375256
2210,2774.1368481433146
3685,4850.5703890468885
2397,1016.4607570429146
4736,518.8751937337145
2993,384.3272968246765
1129,5814.970436004344
441,5631.841589549098
3269,4723.3241345821425
4766,9534.336772029832
5381,1494.5496778581823
8606,5186.262085809461
2783,149.87252631539738
7063,5905.665167213917
3363,1685.3274398543806
1738,4095.2151801322275
6296,5481.248082864917
8252,2039.9310471811825
530,6978.696575848239
7110,9608.485424016604
3372,4551.5300974959255
716,6090.107464688139
3360,4686.828256079742
1352,5972.744731244444
9889,6081.395383095137
8680,1405.2453527538205
4039,63.00809228688326
1580,7253.886035505443
863,6866.013654175767
2033,8231.618093993404
2113,4738.7764614968455
1130,1376.9002770673908
7492,1565.3380701120107
5273,1341.9716505241786
9350,6789.493245143299
9419,400.8570891436881
6504,4764.28565338737
8570,9849.311993301182
4572,9333.697386403972
7218,4587.296462928528
9102,3475.056356801553
2587,8033.415927893684
3709,7093.382450885403
7478,289.0906444766233
110,729.5849719318456
4955,8427.996534071368
1058,2819.061051994722
8103,4197.585255860059
4366,3440.8704063874243
3880,993.2090927162792
5756,7999.2361226961075
6194,9001.577329313664
3651,192.68464247323465
4473,4635.928493934365
1452,4770.654502434219
9542,7979.438874309741
5827,7113.898082474599
8679,9888.984372374442
2313,8429.457468496232
4389,8572.446273715954
2628,2519.4266476117455
5196,4019.2857831103024
2647,2480.1080759977567
5694,7481.121521534797
9459,3456.540539304711
4652,2361.519056651397
6214,610.7065833382726
5214,2316.1452258866534
8908,9848.033101450746
4079,2174.853849867051
8209,2532.073603816296
9622,7346.151338147706
6629,4377.496322708309
6138,7796.839913914332
3784,3078.7172516397236
8251,3388.458987505038
5577,8780.696575096685
7568,8395.427286505525
82,6490.5553557107
8031,4363.552648312216
8592,9725.800778324721
9446,2098.7954840378757
7148,294.01698074446807
49,5575.869222936977
4098,9920.945468682377
1570,2798.4249224100745
8777,5684.8917216591335
9364,1241.1976801076678
9562,2633.3951624924903
2420,8416.591746645154
2529,3847.047807366501
5491,1306.7543758497343
7831,271.2892723067522
2726,1920.2227995669748
4223,94.89187530388305
8347,107.7381325534204
6569,203.72031542389328
4431,8867.793176122028
1339,276.1900373682999
6976,1888.9276817755292
8887,3471.6399164749578
4895,7798.698400197334
22,6338.622130114341
1614,740.6266637917105
5666,4561.840633036852
3233,2223.28806592914
7139,477.18914236889015
3534,4979.016778046526
8557,2903.008839547025
6802,5527.491564884412
6094,9767.346681602583
5165,8519.727927937192
2520,9250.592899064352
9404,2574.7202826641415
5213,5722.4838017260345
6992,4274.181707671987
554,2628.9855085684703
8812,4282.480983719981
8779,5653.119383165495
875,7111.019980075058
4985,5978.2640748508775
6447,3981.8835014611946
6209,5278.937101348118
2904,6429.673924600035
9553,1197.4880811884013
7277,6831.973802024022
2114,4481.528865002525
6608,869.8853789225255
3163,6716.295439393437
7702,6090.581871140643
7742,624.4699208571299
2819,207.73518288867692
7106,3290.2968619299586
7178,2521.110650086763
1939,6349.094984653421
8862,1976.4919126553762
7717,6154.514793089347
3431,5730.455991633476
3469,1269.0962856076617
8650,2845.3345963239262
7713,4226.860346538394
2529,8727.986767418273
8274,9458.817726631292
294,7298.762724404424
8503,9501.396054705585
2497,9487.271745234899
9482,7178.861354047118
5620,8658.247816897858
8411,2316.8812297439777
3430,5806.9854220894595
7682,7718.3805626066105
8866,9978.437997874276
8432,641.8445381075331
9008,2256.1759300998015
9776,2800.1816679253816
2478,4864.97408574033
2709,4065.1799179939994
4624,495.82965953128553
3697,2438.501939781921
9503,744.7239566780884
6323,5637.013049133633
6299,6762.415790544313
2191,7680.08788884898
4086,9634.995253913945
3782,7230.333386701561
61,2807.845005455002
732,3133.943464768146
1075,3951.0344667715563
8708,6590.640384301786
7254,9072.023412632008
5756,8699.870095678114
6233,7373.871781682393
4999,6732.593777414132
9346,1400.9397532470396
4716,2428.6683016055526
8805,3349.3193566160935
4114,852.4227356156321
8434,5066.964910546467
7962,8898.624525291227
6484,6222.681601622303
9646,8412.582190502182
4066,2416.799781405975
3740,57.65149739156637
9247,2577.486532414916
6118,578.9077951959852
348,2901.25537222876
2228,7905.203917169403
1033,2793.2968541887626
9176,5645.2616217807235
5161,6802.796783546251
8336,972.8435019874719
1341,5381.4096191046165
7276,7648.418637081223
706,6435.537105834165
6856,8969.068705361464
8948,9124.000954180228
3633,3800.685988631214
2403,1109.1126674078032
5426,2551.7865093122127
1711,563.028502439401
579,8925.504619757448
8255,4647.624092443951
6997,7594.542261259027
1086,6868.945466614368
3206,7560.02710808267
6497,6756.578260412684
7113,5905.381906761138
2945,6649.03897275186
821,6873.41878792996
9084,2015.5107825733573
301,6773.966536762142
9222,3703.947760493425
808,6083.378807370114
6895,2793.727737237479
919,6289.3102482184195
7932,1297.671544888637
5775,523.1242319817441
911,4881.345161977423
2981,3825.2625032384212
7670,6967.1268330166795
2435,1024.8385394621182
8694,7114.565565972187
1566,7614.60561312205
7954,417.0607207930299
4379,1790.3253077094569
4973,8791.867651220095
6729,3828.390543882623
7248,9524.879911682456
7727,2402.366131065657
4539,1168.5514112455462
6750,6062.878615208052
2587,2023.7038752526191
29,2149.028856723397
3564,1813.814274541196
8691,4666.214151902643
4324,2861.6996107845735
5329,7320.920184596783
6954,3132.2980029269665
9197,7799.695138277638
9377,9819.510137303698
5579,4650.131330101941
8828,8821.78506649983
1219,8664.266711036846
6661,2395.3291838575738
4792,6544.371165638477
4020,4571.483087880422
2323,5793.605658600824
832,1500.9387458040192
1993,6296.53323076919
6518,1776.0761519288037
2595,5834.919346947177
8055,25.759224496640016
4785,3917.692889347871
3465,5569.478817196275
7764,732.3277613989454
9531,6783.728294642606
8315,5767.281098090888
8981,957.9785536325943
8493,3718.4520099403094
1998,8901.563059113134
4816,3643.930096363809
9464,3337.1940245013698
113,1042.5795419570056
5566,172.7144091409073
2701,1494.2377051738092
1716,2199.040971389745
9140,8830.526224551415
964,5423.073439068136
5920,412.44502365061635
8794,9296.631257806273
5282,7013.067690782047
8416,3437.237716104173
6538,5088.7774144360565
2385,5076.795861774473
1718,4711.560921459264
5794,3458.8965837711753
6935,7374.9387238718155
6106,9646.65938437157
967,4018.1257184078213
5149,2831.6424800148334
4321,5125.011384844648
6751,7090.453512193892
4288,1570.5097872672325
5532,5801.269311117519
1474,6980.753167660571
4614,4397.501694094859
7943,9837.50597026519
8182,6028.364191905704
6287,6267.039427391112
1507,8812.05837276746
150,2538.542590595912
8221,7842.7530719005
399,9652.947349436545
6350,9885.436893976022
8459,1089.8226751791076
8476,3787.1072283883514
1547,8753.726944339633
2436,5015.610551484554
1057,1521.1257910909567
6342,8478.769879588728
1590,5326.65358013262
3472,9769.217091070286
7052,3751.149379918162
4821,1343.612357341547
8876,3233.51283761781
6055,6779.654335099009
3654,7649.008763706354
3717,3238.476783042162
3252,2830.2080814614583
9640,9492.698517522851
4909,2793.2660764003203
4937,4529.514611748304
1016,5946.741755996429
7536,9571.827999387297
4269,1337.6107958700388
974,4639.48059562923
9375,2124.5622140820733
6179,9232.188797101187
2230,5908.061310938061
5454,5618.789371229185
4106,9268.026119438151
974,2305.8818371173597
3942,6936.3101240038795
2296,4774.893253236777
2680,4390.469050283193
9196,318.0088907661324
961,6343.583837142998
4781,3897.291046674853
4372,2593.1333762154673
9662,2372.6589653481988
5304,6995.136126873372
8194,5120.225491723816
206,4968.9470046455945
1675,128.7686038064394
6418,9835.24999585346
6002,5960.87848260779
8730,8575.90124923706
9410,1656.5415195026033
1072,3118.363856285132
3869,8570.621749254946
4550,4151.522087148857
1402,470.85826197923734
4669,644.6998937379927
6198,742.6328136465407
3861,9727.68164206777
3521,8518.862010718007
6809,8426.509340666718
7954,8704.934133061128
2760,823.7469162636695
2728,4425.6540982106535
4558,1690.8090109284053
1611,4259.663528666235
8239,355.810001212893
4664,766.7791759902275
5924,6623.230205928473
1679,1274.1362701097448
2579,3958.4971625148683
7002,6678.9399572990515
9914,3795.349799302418
5834,9096.005052104396
2890,8856.602891105931
8290,4586.118544605193
1666,2654.625877234011
2450,2915.5777121691062
7160,6964.544454036605
8814,2324.0428601751532
3437,9018.807070832041
3965,3605.102873933422
9918,5371.38326031136
9828,4467.678540340539
9836,9976.440863102052
6139,2100.5773308019743
375,9881.908649555493
5529,9140.182800210821
6464,3104.845164542081
6925,5837.390196778361
4694,9774.032430463727
6788,9094.500554971619
2922,9425.67179232482
6715,7298.856521770003
5395,4432.485530388902
655,8355.539230022221
4705,2018.9272645705632
3650,7203.453237721086
5302,5029.569627425057
4395,8216.604408550693
3310,4684.0747022802625
2672,7378.313187327707
3425,6917.452369904122
6778,8874.530141357838
9556,7597.587688812965
3069,855.2877922333178
5585,889.2589801621519
3645,5494.688376977369
8355,9350.076080060855
2449,9223.6349319405
5006,3974.951305940055
2854,9991.808431467716
1202,7294.856328668361
2435,9794.144005805916
7874,2946.74361485205
8291,2325.294457345504
9033,615.5859429567441
894,7588.251843918592
4836,6178.549696709505
4258,7578.470564564115
6837,3027.3347183989936
756,9715.462854697158
3397,2043.7073657041055
8103,7639.938349578068
6451,4531.212585801521
8314,2168.1293844552074
5236,4496.977981670577
4178,8743.982370766698
2225,4124.425298568721
2686,1565.400983373991
2708,9022.563879003636
1433,8684.703632861509
3152,7890.380708642748
4700,6902.901905557639
1979,4597.644525878672
6123,9978.318034119395
6132,9381.213054078447
9942,8831.445761105158
2153,9838.672439891938
8680,7769.8015523483255
2461,1701.8513602718035
3863,6508.844189428683
5996,4007.428565294438
6682,3767.815026118098
7168,3211.4984093231938
6839,4566.620483207837
5788,6015.5817883547015
4937,1.5952986525755621
3323,1266.1442191015237
3067,5229.184659717873
7380,7121.24909259534
1697,8685.242675300186
2863,897.4841369099559
3398,3123.7797914461485
9478,5456.801402930356
1065,6985.5898976135895
538,7859.3622858899935
9041,2818.2579551934873
511,3065.9131849135774
5824,7965.587278331713
1203,7949.612927510384
891,1631.493600119358
4245,8609.599581653127
4320,1516.8851028854963
7737,7014.91861581872
1623,2748.995748360028
2746,1409.7395270940792
2374,1547.0501021728658
1137,8565.05867528081
7738,6188.021986285504
9329,4979.328841719303
1226,8229.59538876209
1226,8402.666207400509
6632,7648.2602044240975
3737,730.46063189528
8232,6593.76222573452
2988,8182.3688714072305
9221,7786.87992664511
9693,4991.779308361923
6059,5242.733094824201
610,2317.9293347548655
5501,6959.51568520574
1087,5029.9023416639275
9120,1500.7124216097711
3985,5144.760862214348
9641,2964.490912606379
8676,2214.058826461801
7336,1765.0571808552997
6988,7762.937440726286
2483,1828.3389214902925
3086,3003.9390470184603
6026,8361.391132313007
5269,6460.568768409442
8685,4175.431752980871
9516,920.5006143768591
6513,6687.386921540146
8578,7141.162261330572
6962,2217.2726452105694
1152,5158.229315937347
4045,8928.648529570932
8534,2669.343672903459
4208,4898.765658873814
4511,4014.09883248149
3218,3150.8794234711313
160,2541.055574086807
3424,1249.515157125479
6556,3783.226047882292
9434,9037.26777414087
146,6803.106704717573
9040,4464.967559181863
681,6298.969607970247
6747,4083.774018894905
4453,8627.691518647762
8280,1773.9530563355481
6039,773.9648033757537
8433,6512.75369965141
1210,2458.2530075196137
6373,7611.93591032499
2834,8102.3426563123885
5807,3725.0991407963083
7435,7139.808349342264
3483,161.03109726856073
3480,8304.130532527817
2973,7551.834462019685
457,5957.609051236087
7000,3769.5973325726445
2055,4250.576869003628
5977,117.84547873573908
5287,7977.755951989682
87,2321.9637185350084
1400,7355.900095069989
2199,6583.180549848218
6040,7626.142318261176
9443,1065.5995285645783
636,3393.7050080016315
8766,3580.1039999712016
8046,1903.8427926263817
7460,6957.785636210887
4788,9091.063328335069
8859,4600.836611401686
2243,7158.822991770938
1760,63.595091468706656
2950,2686.006091376494
1114,6156.667718389702
6989,9834.58684254377
745,1033.7427680199046
2811,4084.9206517274865
2839,976.8694505895833
2746,8094.137720641046
335,2224.6132973401986
799,2814.1034587206077
6679,7041.5999676871415
9354,3747.3683191856585
7115,2475.5220729463367
1248,4402.458325159476
3729,3748.728988525502
4003,6389.756727440147
8451,8096.023830094601
9705,8378.092166737335
4346,8980.265677374016
7103,4170.984615396727
3147,5101.822019740705
7112,3534.301137957948
7952,3386.8273310495542
2789,8096.852099046487
9650,228.58983165256768
1261,8626.19266057592
7433,649.3293020263163
4487,9294.60823650396
978,775.7630138330788
5343,9176.942602740502
2266,5032.829609853721
7231,1140.5692713434316
3444,5812.1094577742815
6795,3536.430646414263
9745,7.215753362222412
6034,670.6461807656272
8424,3782.6371121688076
9057,3871.751685781887
7137,4220.160694619696
8633,6194.150292525121
951,4053.148696022728
1534,252.8474116958513
3599,3630.537985564018
629,514.0021786565578
6192,2441.498292438718
9927,8485.257936329834
6552,1067.226807690558
4812,1667.2098334908676
1184,3262.3640303870575
8376,4873.734409657307
4049,7019.988179412637
7903,5615.241716491329
7895,2934.091116251476
1219,3555.213450404794
9987,7947.852562764823
7182,7779.6632748431175
9021,2679.9141330841194
2151,4592.396801542978
1804,885.1942386970275
3011,2847.158279919931
2102,367.62098967738586
1336,3472.932041575335
7450,5643.432310137493
1849,4753.80739197745
4659,4022.461403020111
2537,5183.943647057529
8033,8402.040481422991
533,1271.242977748205
5296,2058.863562717917
8836,8529.405544210878
6499,2961.2957139897603
2975,93.05311677612082
3161,7758.264319390914
3937,8849.6061585253
7180,8457.954835270531
3867,5851.555385630738
2947,8049.113491196
5220,9807.69851568378
7712,4838.788828199433
5924,9970.810599400247
8530,9108.8590459557
402,7411.083050277804
8415,9858.659333870412
3427,7768.498664068811
6355,3844.4739765358663
1909,1926.1191770684818
7316,3921.570745170396
1473,9724.027389662499
8581,8775.830658475548
971,5853.412014790759
688,1523.884882378555
6525,6330.994704307118
9892,377.98492298011024
1843,8631.66830579988
871,615.6235082321316
9034,8435.877130537894
1214,3396.174367808871
7812,1223.871124986741
1089,3649.5536447742716
127,7492.563101545386
7439,6205.092617679841
4633,6255.265260809018
2777,6617.478044048411
3367,2632.1036062057856
7137,721.7468131619997
9191,1878.4045753268624
7829,4857.923465505665
8943,3970.802390999451
6992,6924.957283238515
2903,3.2509166410462638
4059,6925.154401573012
7757,4071.513812262817
3486,4528.307053003149
9733,2084.0780510746545
3179,314.1982738950539
5083,1963.772578333141
3460,6822.102004132129
9480,8109.669220017583
8817,5317.316670044235
6061,6644.125039496691
9198,4250.647328138117
4768,6968.060969293031
3788,5822.103204832349
7774,9471.781869896857
7483,7740.90116454693
6469,8843.824612404382
8702,8315.144438477078
6735,7365.46544973223
1669,4340.313671446079
5116,2823.6346230957115
1758,2902.9252552383277
2567,1223.0730583731404
1297,185.4081741395253
1046,5357.6176280332775
6691,2621.4156562665826
9967,6474.523897343491
1432,8354.41673676725
9133,7759.729581579094
93,9838.51731584547
4591,5188.915300202623
7445,1641.0238971881993
8403,3393.1575499030973
531,1029.3082702395138
6408,1633.8554777888482
1150,2771.0318784638007
1842,7713.489737992132
302,3705.7678877453886
2366,5718.596442397236
9436,7131.503177692942
9073,6840.153092238171
5676,1816.4137098073213
8630,1229.3369177989716
8650,5524.689301135915
1372,2803.3626336524503
5600,8371.0365582012
4789,8259.81701621603
6745,6995.804451814058
9726,6145.578948952101
4157,6609.466615623371
8362,1775.0751596436749
6427,4279.454204994677
165,9038.219559031395
3765,3479.0524792857077
6577,690.9886541427252
7769,6891.275370305533
2904,4571.121560542821
9969,1729.2895452723726
9931,4415.9692139760255
3903,9417.09700139009
6955,383.99999362807705
2125,9400.778754781211
3724,6245.9334287423235
7786,5027.681061296855
9084,7305.9000020093645
9825,8005.451538516706
9170,5534.422524814528
7507,6761.85218302552
2187,6166.385972009061
3605,3174.741915859099
4256,3053.486273849062
6998,1624.571532000518
5043,8430.966834183468
6623,4080.1424045585054
3076,6456.709795076237
7751,5022.268903291102
4593,8845.001980610745
8425,408.3252190671156
1844,5262.49817863671
4656,5595.487389863356
5660,733.0839270861836
4295,8172.761911835603
6025,7262.4934302677075
6446,2967.6502102835675
3867,7122.644035723806
9919,8168.528076073367
7173,782.7439539873125
8085,3462.5085765580598
3807,3368.2775017157674
9874,3336.722464882586
5717,9694.99578369725
3654,1326.5811590075252
570,9413.033696253522
4723,3846.6888587279004
2819,616.231218732415
9372,5489.639186467846
1408,2385.668292857286
8127,1178.9687696796557
4349,4174.32012586476
7251,4413.049750171068
9721,2662.601704652281
1322,4990.67428287113
2524,4798.41127625194
1132,4051.5350000178973
275,9091.082122297186
5313,9065.71039007975
6099,5907.4272663761585
3228,6480.654214218754
8285,1515.7976056049292
9507,5127.032167459844
1623,9936.793147902781
6002,9221.069783440737
7926,1273.9346990793233
1086,5803.870398743218
2252,5108.26134702552
9231,7800.403419952325
754,2841.427353922507
5831,550.608984479524
5427,3352.459943795189
355,6591.241919441015
7605,2271.8957871889666
5071,790.7481111244325
3761,6310.531436398526
7282,5467.603628388812
9963,604.5176451723672
1934,3092.134509092031
1293,8817.986602438334
6424,2314.918910313969
2839,2902.8301332223555
345,1649.3974669758272
3364,1788.6416996567766
7308,3933.3385202030786
255,6089.2082355166895
652,3867.2676846485297
2559,8909.261457700779
9458,377.92489390406166
9738,1236.5153775368633
2142,5338.219196910448
2153,4074.277816833543
5301,265.0373563682852
279,8479.171580274207
5244,2995.610928908178
9340,8944.708429656574
9175,7095.966479007453
5430,5221.637917360384
6943,7735.268785478644
2593,2582.1418273136774
4573,9129.631942479466
6518,783.0592697166554
639,300.1862511089018
4612,7535.413489736383
3791,7840.896378729768
9475,3167.565604384627
7125,6699.778964286822
5189,9328.342626838115
5431,2511.806345173063
7713,6111.475783588425
9322,1981.8786182702477
2899,8732.651451770822
7011,987.8208761659827
5087,7070.398543314349
3633,3610.3963626665213
8986,8759.937125643197
3965,9142.833326275622
3164,9314.980830821474
7407,8272.342771312144
9141,780.3173353322528
8094,4091.544939038918
437,3799.7956819235014
488,8379.634625342802
349,6676.123483203534
1651,8676.502784064885
6315,8961.617369009615
9525,7062.8755024451975
5538,6461.757607978637
715,7294.85565378153
4241,9127.080694041018
8959,2949.0404956792504
1647,3258.5882820373154
8385,5573.639445204146
5494,4672.468060081367
8709,8505.751829367047
1983,61.50555280573581
2359,8955.14941744296
2138,9616.12380304023
162,8250.576067928892
8924,5199.504139151344
4740,7722.7094348580495
7790,4806.738448709143
4777,5599.527822703931
4287,5910.418749852026
8093,8501.894767097596
6144,7355.501706284212
2683,9658.715048038692
3070,1934.6808095583947
6015,4787.018332432334
5022,9500.868278923575
6443,5743.806138284615
5376,3551.718149867866
4480,1520.4386690844524
3311,2548.4341850583364
7385,5906.755183459954
2065,972.3689623849481
9418,1272.9979564983098
1324,4058.1690864740667
6621,8275.967904666137
3626,4491.430155917653
3886,2059.6497867199823
9114,8950.998964455459
9885,6484.843062548508
4458,7329.21432012032
529,9329.083294370865
1365,7684.490078391182
6505,2982.3694014458392
9800,5562.7305953396535
1780,7171.903717874078
4221,7168.122811758175
277,2517.2168709313078
1506,2067.8674503903985
9714,6274.67890585478
1525,2587.4107352853807
3041,4582.501963894304
5517,3885.691848535535
9237,8674.906700986618
4845,790.8510337704251
4456,6109.161666459526
9533,4927.74228190894
6820,1844.716365624826
6052,8412.461253857473
179,8197.619509312084
7890,8428.930825140586
8435,7139.859502986691
2683,392.3929146527437
1418,3179.1797801905795
5765,6070.429527969923
1133,171.29998780048481
2084,7045.869861142136
9384,790.3279487369217
5775,3177.660693010489
7713,3108.461861606286
3569,376.447191670687
9187,4757.877460874394
6466,1916.2616650549794
3971,1487.9434401577412
5522,2755.3378199664185
7376,3577.6413263945187
1169,6893.645242549317
4381,535.2557686262877
7356,3672.3010874995152
6083,1773.0650065047923
6157,85.52954105422523
5870,8559.89568351248
8051,2690.3413061413253
8731,432.00267543728853
4057,4489.5532789363015
7086,7456.8090095235075
5691,9285.20997642891
4798,8302.572096398144
1718,8442.852773552846
8727,2844.0570557573938
1161,2733.4612748618115
5911,7244.76891948587
392,4992.217884644484
2767,8890.23903401712
1833,7697.552842074603
1620,8313.278100304255
3527,3245.2011817442317
3996,5366.985426054049
155,3700.2409438233913
2845,7279.660937448755
9386,1117.297199825261
7023,6951.575593049051
8629,9118.265240059112
5117,866.8568430609466
5796,1381.0688164351807
8055,7342.491450701494
6890,2893.0688815998064
6919,7490.678866118353
7187,5437.836199070325
4013,3206.464153653869
5939,9590.04969116321
9829,8805.737836248
6138,1724.3018546151663
1297,5505.323899160022
4644,6004.590904710987
9921,825.981821061632
9160,8162.233561960554
8691,8244.708974242914
3480,9942.863281453085
828,5923.778836453861
9097,582.0756651933085
4873,7174.445869712
9558,4376.149665906016
616,9500.232557293772
2661,1507.108199021898
7297,3486.1557658042575
5608,2602.1832888650515
5174,7597.157850475908
546,6244.527825253372
3275,46.398989323906314
9601,2602.750518192313
697,4255.907293229935
9951,5671.569530497832
7098,203.41371552344276
4737,1244.549420779146
6077,9906.975573153244
9337,7640.540903463307
4997,1707.2589501355762
7504,1494.0549210831082
1562,4583.069729436513
6275,1422.3899534728769
9001,780.9193312707451
4666,8310.88303507328
5036,2231.076080159339
7616,2089.1785120620243
4859,3881.6808181111664
4630,1384.901761554949
3060,4933.110230660474
7570,4266.5797208422855
4465,7195.837264561828
4392,5369.085207116923
2056,8309.580188377877
8119,7154.2742549316445
9107,6399.532847379831
6169,797.8554722399492
7113,1898.9500966384608
6578,5238.863263649256
5177,1728.303401375058
3086,1322.4104392749782
555,799.6349852844959
2107,1607.6714113028836
1713,5893.621854698656
5296,5456.281617337939
4840,7373.210996183996
1246,3281.5589682452746
2845,4890.507017396164
7958,3477.1192163511646
2881,4287.877217885413
5928,480.61670751961384
5934,4222.006801611867
4039,2652.4503187403193
9425,2688.84770209389
9930,4229.3612907982615
6995,5595.111178208357
7221,6459.906501535024
522,1799.1124036718195
9602,9228.80601641024
7382,1618.4043837224358
9241,5960.165957900156
9274,8724.74688331303
7265,1397.524389666596
1897,8538.516524814424
7329,3984.6081843081683
5673,9764.707652134444
7968,1996.5808667906167
5456,9567.181635686282
8030,5308.425164904091
9945,7002.79158186576
9548,2766.9477971275205
6910,3818.4610691536004
8473,8469.686001798224
9911,6482.200953277441
6758,8971.779562514572
6977,8410.440841312278
6729,7397.602275264173
4282,6746.888469117972
2241,9775.666737902367
6226,3771.4624809701686
2025,3513.9875811545303
2594,9036.62387869903
3758,7861.73940964939
7114,4671.693247345383
477,1474.660689964165
9422,2929.460786805812
8950,2711.2421030887735
8373,2044.5989176209087
1977,4213.28525336495
4438,3713.039557697769
6370,4451.950871258127
3274,3114.6222514180945
3568,5451.893789179691
3783,287.9077923128692
7153,7696.553878916043
5906,9886.130557273746
3036,340.09237204179436
523,4872.795704909394
7353,7276.86551224765
6842,8525.437330642242
7970,7387.691004269309
4397,8320.52571680606
7677,293.4976578318411
9000,4671.45982404197
4915,7364.256168698213
6646,7316.992475979171
2842,1392.3551268399729
620,2224.3172953724047
7824,7308.832698455889
6504,2262.3965685904063
3000,689.0819224712379
8215,5642.932614503063
5680,336.8285599838203
7620,7119.664927774674
2607,6241.323166142204
7527,8294.442942639267
6411,4389.811844742721
7494,5025.740833269871
6476,5499.429156940649
8676,1890.9789611366548
1501,5609.713640407519
9114,5939.1803066340735
4305,2633.9691363003285
3728,4553.121269705258
4421,4481.683320546244
3402,5133.233847219199
5245,1167.1780289775388
9141,7549.092909186563
9619,5425.593425012947
1002,3807.3508351351247
6789,3815.2051477548694
6894,3232.496554346059
1524,2994.939552573364
3501,5614.78860080589
3563,3957.7888034381754
7735,9226.153469405775
4117,343.6302775411438
4309,5393.7599859292595
7932,5645.724690096852
8379,6399.35508120833
559,8129.915417379231
929,8887.302959906729
3107,1567.2516146216833
345,656.5843372353776
9338,4523.446694565582
9860,4748.8054460700705
6123,878.2238560190648
4328,1097.5159899097587
3758,9464.21844919262
3872,2610.8710822237917
6989,1320.694542997802
2267,9577.8540918796
6614,8863.882967088086
7181,3519.955121416768
2348,2534.2747908676065
2911,9211.314875235057
2808,6885.688154425052
9058,1515.9601458752697
2334,9979.397530705151
7335,1846.815608804925
2114,6987.031602120277
768,7646.719086548466
6082,1389.3511442986191
5243,7068.6749990414
6681,4880.380782444238
6122,216.05306074630377
5678,150.70610145320313
2574,7760.386250128725
5290,9075.049174735786
6705,7533.836362713977
8468,2551.5069395089827
5975,9754.270211282825
35,7172.08305403456
9837,1989.2527671968594
4901,8286.348088257255
5705,5627.067119435283
8893,8563.24583408825
3922,6696.175257345068
5254,6147.206848585351
8129,5164.276525721049
4436,6713.852985085672
4002,8540.355348467123
1703,9304.653294508049
6228,7544.802200501055
3745,6678.951643913213
2048,3884.8513625427195
2901,7106.808693453466
5464,2776.2136167947315
5525,6028.087284020787
4245,5739.885177430072
2451,2793.1743749138413
4662,2419.6780504144294
3568,9834.661321979409
1584,3687.0562841893498
1235,9050.199587896484
2498,2153.3769081323785
4474,2901.6165894366295
1926,334.59664209089846
1920,5822.211990747532
2646,1200.9618866376147
8633,4874.955069040357
6862,605.1055200011443
3877,7277.082070222899
7063,6171.359135233567
9556,6429.327728473203
5638,2639.939097407299
8995,7363.739248008999
2971,9349.98216542027
2873,7167.697051751784
6265,1608.1978131899039
4397,5855.415515967308
9754,3974.160711833279
1188,8413.81426238536
4539,209.98750187635002
1291,9303.232197853018
3886,1535.3450212111873
6961,6557.011912046635
1119,2165.391867104478
8287,3814.5073922440665
8198,8651.391954381932
4283,5111.553307860624
9116,7476.338813386329
6606,9058.89917294226
7138,3543.995134378938
877,6158.538334489039
322,751.29542946197
7618,5437.258749156807
9279,4651.063663218389
5944,4332.109900555284
2191,6374.471536891049
5441,8799.814845095474
8316,6435.612161937172
2247,9011.458703128621
365,6828.971439565109
7654,9656.059701857554
1253,9907.467326907989
2726,2891.869422337243
4502,2935.0710313491327
4475,6267.456098794968
1125,7910.850553601883
2459,7581.808498274577
8293,7313.558184073217
5393,3549.840341635386
5470,7708.6468122045
9998,9414.79608078004
159,4859.819458452897
8560,2197.1390500682073
9156,5910.916569817167
7288,1114.560888789826
4241,6505.103833818546
1712,4937.771637654713
7853,3277.958783196825
8815,7490.720644337318
8315,5073.151192628777
5270,9340.860265176096
9557,9441.986897152403
8399,5837.989574337817
7416,4504.116032153183
7076,9084.118638792155
4864,90.22177514211499
5190,4176.653037794779
8070,6246.471680853655
3530,8097.038826681943
589,1630.9656576416085
1885,3025.809505090202
5769,9100.327056315016
865,4497.748732011197
6173,911.9583183882546
2627,8856.624640392714
3125,1303.342359729588
936,3731.6617053468462
2033,9997.08316449095
9651,9898.593318443087
4488,6142.172987347284
6656,2831.788326920994
5057,8568.223333035385
681,7453.55648720299
6507,4896.130065351403
1750,209.3308733860452
1077,8966.832326744856
1450,8390.96729215797
85,3375.487857050358
6257,7890.934596872931
7656,1438.5248287032437
2780,6985.655236219375
62,867.6219044458462
2370,5622.7128295714
5788,9596.746651323576
8663,6757.081971534268
2230,2765.9135914476246
2171,8737.919818149232
9127,8669.333705975043
6659,5481.836528669441
7280,678.1026813463801
6910,4226.891206665248
2353,1537.5169369963212
1476,9036.863802973654
3574,6294.522547336235
8344,1898.624954817612
8146,131.6828830129566
3676,2244.675668049657
4523,7818.400170186881
5133,68.12059872671054
5673,2213.9483737521696
6402,7371.539206625318
4288,232.15778230918718
8491,7669.350013585882
4776,6082.357162813947
1116,3465.3858413787716
124,3197.393985907979
549,7219.482874762516
1510,8241.257973070362
5105,2167.941592380268
5925,2883.986215855704
3949,5533.732452348906
1736,1575.1721276438052
6100,8192.32261619742
3347,6498.488277571096
4917,1621.9478411812152
9194,4062.2101686377027
1429,5116.090814946569
2266,821.7666929954437
9802,3667.8211667618243
9737,577.8436251148041
4838,9649.51791674325
9714,8525.5504044325
1095,9513.332367680707
1338,2807.5945359258894
2941,62.552890332816716
5500,8580.333918925204
1760,7556.801063449713
1347,4829.94657943498
4479,6905.738934901887
3201,9514.814626298756
6950,7477.66654387996
2461,4391.541086229093
7908,6725.075876330322
4096,6842.796998206054
1279,2711.870380306009
9931,2422.463202327361
7143,1896.575924346557
5373,8428.250286675071
4657,9077.45740540379
1764,5828.177381568046
1534,2273.004077446301
8257,4089.9511630221614
2909,6481.770977374735
4904,1100.4226150747538
4291,6797.057164404233
9814,8221.894265211478
9413,3102.3593927183806
4068,8775.123969037952
5973,5742.968115842333
110,6735.40723491097
17,3977.469735857679
8710,1298.129125250939
6985,6750.290572159764
6848,2092.6492639123353
4483,8407.743869386995
7745,9305.330593045901
8732,322.3531777271307
1119,2735.933083591388
9857,3086.493523692217
4862,3897.479679626755
7142,2939.6333782667857
6271,5697.046064650219
1614,367.6723931422188
7524,4903.751769969101
1865,8469.045509701946
5228,3672.5120742797744
5285,3597.4157162442148
5232,7713.87295169681
8267,1017.888897986763
5694,355.471322449713
5502,3912.772473302709
4157,3690.36269371248
8854,4898.95425962278
2835,316.6153000644652
4717,5421.99553858803
9096,1709.2071583909474
1180,9887.03032295783
6011,2220.3599260624514
8757,8187.5157400361095
3584,873.0143546903853
1928,2407.8123123987843
1072,6664.188567817433
5505,920.4691118982931
6893,6926.467574449096
1496,5832.952502172025
5265,2433.8518513350646
2749,7796.396961002648
8849,7421.628989707666
8877,5557.753960274574
9911,7455.854659131598
4247,6324.493619422218
4512,3162.405159928256
4941,7000.750594685611
7354,3252.4150718354927
9332,5655.517704795548
2079,5976.234894261544
9364,7211.169631091498
410,4163.830493791983
7642,7270.243772550533
8250,5351.802799418914
1714,3236.025966554248
9969,5152.931323308387
426,2447.070255775283
5158,8971.342012733025
2067,2914.338196016362
7437,4461.058674292252
6502,3423.1594595116976
7270,4691.833101383721
382,6265.720002478211
1472,9913.748223382296
4786,7673.2257287105285
1678,3998.15614601553
5041,8132.336335249122
8471,168.0542308785162
3647,7208.847482125273
6966,9483.006789139821
6707,5239.974863679053
3403,4674.196629053313
3589,7315.922434812941
9104,1383.1340860297742
1482,3342.7263771782887
2645,8669.966343625363
7818,1649.6341771851571
8519,705.2083310588242
940,2617.521415502747
8965,1965.070624502738
5426,3091.058447578634
5240,9000.377665669297
6736,1968.5197055481892
8315,2821.354073065482
4125,2292.271231921706
3074,7308.323056390707
226,5407.095293227963
4213,723.5752796352873
1425,8308.586654974157
1121,9310.368288642101
210,6173.918938067374
2349,4311.178259825172
2408,8248.293129077272
9585,6246.954937229695
8652,6761.378349640309
4770,3279.236293967764
1451,5338.009094537697
1755,3618.541417719924
3587,5507.336567009143
1220,5521.506985823339
1639,7330.528084054062
3879,2223.7322801830137
4898,2918.9709227524754
6348,3319.2772622415564
8260,9664.777797735987
1384,8565.200052916503
5789,3393.1919242630684
3311,4851.436757486232
3427,289.2600156885452
1794,2169.7042331783346
2116,498.88725033969894
2678,9826.959421372452
2429,5561.095364226571
8812,9846.269062053745
9422,6478.984310385233
189,521.7282935026412
6693,9151.543860101494
9267,9449.32728792804
366,9148.082151611263
849,2003.3879761473008
231,8345.618767448128
3208,8151.388650253595
8458,1835.144150106046
4899,7853.6565446277355
3357,4670.172067171282
1933,2793.54170355193
4583,4543.501898674285
6852,154.28239622509554
7670,8256.564529079973
8316,2334.848085830971
781,6999.161652807154
5879,5031.576956991171
2141,7856.795930049905
8039,4950.436882879747
3438,6734.164418176298
5554,7566.211354927671
1327,917.7177208164752
7975,4809.858714109102
5984,7882.49200948883
9610,2329.7046264834553
5865,635.6951173680642
9011,6077.0077128891435
4808,8849.766364680927
308,8353.793576292046
4466,9406.842633004057
9989,4174.66827061291
8439,9517.739137683444
203,9825.61073962354
5466,582.7038264434843
8623,6845.499857823453
8537,1151.3166932848458
2429,6279.362131938719
7556,2935.995184639161
9258,58.01239623085687
4785,4665.615813862684
3993,8589.930862527714
7050,4778.78677814213
2799,6281.845569454771
1253,5432.298742931639
9621,9554.594944195012
642,7114.238788189343
6999,5194.408643728496
7499,5267.181012820465
9116,344.79126134325736
7590,7757.767958828167
3285,9328.689195010407
9539,4781.859265957097
91,6619.609037027789
9667,833.2613597884665
9482,9729.789474191042
1831,1754.855720503553
3944,604.4475177735474
4090,8556.712481894456
4023,9137.501265287392
6440,3686.524329367579
1105,7892.020248247681
300,4735.39638024189
7532,2747.973721906442
2416,5206.714910840885
6766,295.6396861008133
185,1869.4598554114018
2738,9083.285558357997
5301,3491.9429073333713
8126,8500.467434506225
5510,6299.543611438628
3581,6022.480327105103
1103,7360.557549030479
3450,847.1609372740104
2290,8297.809773369483
5410,9509.371912525812
5303,8213.158686385514
6426,6989.10213756453
2610,6516.495055547204
5191,5005.179792156572
8255,3473.253801802015
7106,7760.1417015173965
3754,8713.86124999739
3301,4197.8021638695345
7743,5698.907028883522
4150,5000.541998371276
9183,3172.1622085822937
2396,2029.2865646524676
1475,3032.8692311600303
7126,7656.549979945005
5215,7711.002489713303
86,1563.8046639748168
4072,9141.441788150425
7492,2935.790377395809
3402,5729.2039378570125
1813,6745.191676890459
259,3326.0663440994945
6804,3798.403280781338
5289,1166.0545471419111
6469,5580.858197336087
1142,3947.387728868805
1057,6589.619424777157
2734,6814.559676717211
7311,8784.633183313557
3466,853.2852117559543
4379,5088.198512548492
1958,2897.0661697547152
362,1431.8464159036355
1813,4949.121011183627
73,9764.919505724836
5445,5303.382349181125
1055,7645.709387294541
883,5595.198017603709
5509,3547.0549918266142
5563,5429.261983585926
30,880.8027162776549
8404,8978.176621036486
9306,7860.511777742156
1909,6006.875866877488
3059,4808.229418885571
4297,3135.944165055655
7412,5264.073322026837
3067,9855.641861571648
8890,2379.7425051166347
678,7784.1840132033285
2765,7435.926825107906
831,963.532802879141
6375,3074.9046649556876
5976,9628.641251068419
3020,9827.408131721082
5934,9803.734677941644
2282,897.089036123627
4831,6304.829104576773
7308,6755.64823314107
3019,7326.276339841663
8896,8138.880679224427
4995,4624.673768211629
9912,3230.5562369942436
2649,4501.001457273847
6542,2472.1854432731766
70,1291.3434371749127
1792,2307.3198357765314
7295,6861.003140021068
2117,7380.107113745823
25,6740.2579707359255
9015,9249.359706330184
5098,5942.39365458501
3760,8499.399004645726
6122,5281.022522332226
6013,6295.4189459008
1641,2035.029297622839
3979,883.0500672457524
39,7188.786704055758
5982,4309.223455539855
4716,5163.561873061076
7758,4738.314284443491
8507,928.2691196663152
3728,117.89415297899221
7915,3713.9385540004077
8925,9683.241262935993
4316,6154.448759267083
8993,812.0477452232527
8199,2609.2183718532883
33,45.51627066313587
3820,676.6652502366056
5347,8807.267166484577
3866,5461.33225421459
3693,6248.169792178332
1453,7021.627148102918
9608,3952.3758042602976
4617,7606.150160510744
8589,9838.463433926898
5164,6792.571826419681
8749,1465.7010145809272
7525,9434.983205406283
2080,2169.0121775924904
3987,3456.5747338612628
6753,7006.256355835588
4950,1941.3869264556413
5150,9288.950632973803
7341,6746.754185039072
540,2655.5318416154937
9343,8888.889935559715
4812,8091.702618066738
3113,4336.8662498267995
7744,95.32007751837612
8269,2532.01791013117
502,1231.661941309329
1442,8943.536876175489
4975,9785.765719895378
9661,2273.73381110199
7258,873.8433411728339
8249,1538.1282696518233
365,7424.571708859965
8263,8208.165252155906
3853,3807.3127245283204
643,3808.98361024797
6947,1466.0412952262072
854,3939.240428807653
655,2956.953796513278
1636,5565.54735319146
7406,8008.397285020026
5074,5591.6055431672985
8189,2835.882234783187
1350,5222.607056762304
9784,1831.5550627850232
4968,6442.9399926250835
3965,8980.56189343012
3287,4044.6537603507536
9427,4858.285825936653
6712,9072.546951691398
5755,3906.4366478990455
3657,7309.103652333659
7231,5858.454711707141
3774,9453.833454775015
3297,4613.632142688842
2997,8054.8834893827425
9540,7655.765257545055
6740,9897.057385639166
2087,9201.039637699932
8037,1575.6170684028102
9123,646.1945040201753
5831,262.4577907675759
2781,2610.836140517218
1760,1324.4184161424973
763,3903.0539805136864
9008,9347.643761927731
8898,4044.2554789359024
2414,9399.028774180511
2549,7674.356636338088
5246,885.8568896947722
9082,1103.1615955830673
9534,7264.801926854639
1667,3542.9271180191517
8013,1030.486481636104
5135,8172.740283408044
6551,4875.775769318364
8168,1048.4371688464855
5391,6784.951280448058
6357,9108.361314379614
1488,8871.833694813788
1008,2063.2978150516856
1247,7258.823523318737
745,6743.423976733852
1953,3006.695858797964
5324,6704.097490057802
8029,2175.8137712047564
5292,4274.742815503685
5764,6464.240546585358
7403,7072.012471775876
3632,4548.988996870001
5134,6055.781451287502
5272,8247.39994854983
1476,7607.380050864319
3663,6939.344520826436
5049,7839.796412374412
1567,8280.625578158988
2857,3354.3622203956343
1416,3202.601464543195
3791,9008.694161787047
7744,8405.672181284033
1932,9915.388591384084
5020,144.84978857546105
3918,1831.1648188250335
7509,8929.193658595754
4963,1398.8075910908515
3837,6002.4085104810265
1860,5282.400152072956
1359,8886.397689037462
8487,5123.9336800816545
5879,5159.023840661262
5726,3478.450925141787
2231,685.7557796148642
9521,4407.4198684484545
6603,1006.2788424499453
3045,1243.037206474395
2567,2294.5153549952565
4931,3184.643490665281
2071,1373.8306611903145
1339,1865.3666499857563
8575,2641.508302707027
8997,8779.535338971706
3259,3437.8513870695083
7612,4578.2717504260345
8362,8382.502214940097
1384,1605.0381032983967
8774,7518.790607906363
8326,1797.7211547355043
1689,2711.0925421544034
7643,3072.126378080615
5207,1688.3328112258685
8320,8659.519832695625
4341,9359.880186034863
2295,5520.071129541491
9554,1591.1682133047398
4144,9903.74864374555
4401,7481.4293945739455
8042,433.38557718732574
7912,2409.950696009883
2340,1628.2589227502788
1509,5542.254733226551
3581,3744.6321796674983
7629,2371.562546589562
390,7962.276718999312
1592,4920.831771423241
7295,9519.025965279036
3343,9717.556328813043
3325,5205.926425851914
3235,6358.377501947394
5822,5796.518739661523
3445,7555.399018998459
1636,8449.233575694361
4262,4931.896100940922
9556,8884.795611546297
9494,3491.881806977632
9469,8240.911546235508
9388,1710.738206496449
1037,4903.369784574337
2327,3478.8258359241104
9723,7320.996646202385
3520,2763.6679081318302
9608,9846.706683555041
2025,1775.9479515783692
4313,9971.134166009911
476,8680.183017662468
1718,1980.064629652325
2551,1443.5104024362058
9339,9017.078892987767
3387,269.5878051571275
4935,2829.480525427794